t = 0
b = 18.1712059283214 18.1712059283214 18.1712059283214
E = 0 0 0 
2.51473515547969 3.03147472339183 15.2952522044002 -0.533015248361146 -0.844626479917018 -0.0500085436449931 -0.400051551957345 0.199496595516108 0.894516553314695 0 0 0 0 0 0
7.34128687590696 10.4472000605434 16.6414046836472 0.729536169286209 0.467373794537232 -0.499338276004426 -0.669559710682917 0.636984139073264 -0.382022251183491 0 0 0 0 0 0
4.53314312302309 9.93994114971785 17.3733327591573 0.924144931306867 -0.314726874025484 0.216571329372043 -0.194856995475422 0.0993003364788466 0.975792085687048 0 0 0 0 0 0
4.90589988225374 1.58148960217593 2.74029566683114 -0.751072988398565 -0.648770242918679 0.122419516423189 0.49573160029884 -0.431705876659666 0.75357827498055 0 0 0 0 0 0
6.60926456565853 10.1135572453934 2.00546459152479 0.00304164445216315 -0.987070569497665 -0.160257415524469 -0.942415208831933 -0.0564250544558047 0.329651008480064 0 0 0 0 0 0
16.8801131850332 1.60452291723901 8.38989967454344 -0.709473985090168 -0.538378148808601 -0.454747878901815 -0.257711018052266 -0.402382224935495 0.878449529700156 0 0 0 0 0 0
9.27443577154973 8.56989343833814 12.791927577407 0.59065450018996 -0.614738007599633 -0.52270875582659 0.430433814704656 -0.307892882283182 0.848486124929661 0 0 0 0 0 0
3.59212043398292 5.4026077803 10.2093841557054 0.99829029376094 -0.0562437136626419 0.0159101871808652 -0.035822076849925 -0.37362127680159 0.926889378691604 0 0 0 0 0 0
13.3298717278867 6.59101309361165 16.8568460618441 0.706677317075639 0.10664713625225 0.699452327081676 -0.443201478028452 0.837317698434101 0.320111733247027 0 0 0 0 0 0
12.3754932277168 17.298854445936 4.51294728025102 -0.451401631634503 -0.854848855269547 0.255871064409507 -0.039854190941593 0.305776203724481 0.951268919233797 0 0 0 0 0 0
7.62906205642041 16.5534638370754 0.440742267861467 0.917767722181293 -0.13653278772214 -0.372909112249865 0.330231851332852 -0.259166735086487 0.907623009729198 0 0 0 0 0 0
16.7380810256951 14.9396593959985 6.48919219056139 -0.672545966805144 -0.0829123743334194 -0.735396125035024 0.733959781524904 0.0525490130454628 -0.677157027824317 0 0 0 0 0 0
0.909109506236336 6.06901564379942 11.4069145007602 0.457944663366257 -0.617255685819444 -0.63975159524454 0.868786201426721 0.158227595080272 0.46922762532234 0 0 0 0 0 0
2.83003038942368 12.5905844635641 8.85953498747655 0.686452351283719 0.228818183210301 -0.690235762945814 0.457879592336546 0.601389064608595 0.654734657621633 0 0 0 0 0 0
9.576108723687 2.24788023586513 15.7947200073565 -0.164793349678306 -0.723747483993516 -0.670099045899082 0.97720628105016 -0.211987891819763 -0.0113586089785885 0 0 0 0 0 0
6.15566029221531 8.70369785462515 0.54345686013688 0.532007155424634 -0.468424547726419 -0.705369994870982 -0.715932190510946 -0.693647832582632 -0.0793333658911318 0 0 0 0 0 0
0.377183918526582 10.8619573448843 10.9294188915149 0.805037053878096 0.51165955642783 -0.300199667220589 -0.397407194261792 0.840862371841614 0.36744794674874 0 0 0 0 0 0
6.3211011908643 14.7387074720866 6.0772541473902 0.582512189476841 0.759381292749494 -0.289861348463373 -0.408357388092127 0.581749724918386 0.703428390916914 0 0 0 0 0 0
7.03888241151942 0.316660430949044 7.64336613044602 0.0787757684356231 -0.505159477487856 -0.859423225548143 0.65317225946553 -0.625118770001636 0.427308463356784 0 0 0 0 0 0
16.6275677028997 7.39744217740702 15.1493090484513 0.97965322917686 -0.18539484717435 0.0768654747240203 -0.112598298474693 -0.190674404072071 0.975174289454129 0 0 0 0 0 0
0.59785897363694 1.05028388799891 14.1134439333912 0.843693821982064 0.183387712010115 -0.504529168465999 0.306920010337883 -0.935866458605258 0.173072467226442 0 0 0 0 0 0
17.8910427627762 16.6536484913145 1.67188958366114 0.669156469325663 0.734781081565828 -0.111024239391968 0.30973185330929 -0.139966302933185 0.940465636314697 0 0 0 0 0 0
9.82342906357644 14.1692425437146 9.16977161047864 0.310214329120397 -0.19239351532137 0.930995061893815 0.0237602582582189 -0.977432587826229 -0.209907089882225 0 0 0 0 0 0
13.4277747981836 11.2363016275605 9.72660314339712 0.758821396859918 0.160150895937833 -0.63130165388495 0.507613835576207 -0.752731658579108 0.419193564006363 0 0 0 0 0 0
0.382596890038475 0.520605473445752 7.83506180456052 -0.363951452397422 0.222705677952037 -0.904401194882963 0.623168857072706 0.779878710238801 -0.0587347673100258 0 0 0 0 0 0
14.8361814213976 10.0878928385848 10.108170216607 0.660552243757833 0.465057856106021 0.589399629912137 -0.461523833847662 0.870726744557875 -0.169796016155268 0 0 0 0 0 0
8.16206422282323 1.02614888709537 5.14251233042175 0.955238067459398 0.294885014795428 0.023728938567393 -0.295803406380516 0.950818448670024 0.0918946268419067 0 0 0 0 0 0
12.0604862075291 6.79873551023635 13.5018890213178 0.380338119069704 0.541957221909369 0.749416629654559 -0.463564882647073 -0.589460715779765 0.66154641872571 0 0 0 0 0 0
15.3602314259254 6.76561909607445 6.04518479891436 0.725033900717016 0.239666380676315 -0.645666995272783 0.679592396329237 -0.0968957968246777 0.727162553635152 0 0 0 0 0 0
9.59010730515072 8.84784012977637 16.823367605792 0.878226804916147 0.0744421532475037 0.472415119303617 -0.415742044222323 -0.369408286289872 0.831081265994021 0 0 0 0 0 0
10.6744925339148 2.21743353109509 1.44963097070435 0.859215448775576 -0.488316680584913 -0.152629066851363 0.194034458598068 0.587067347089714 -0.785940556821952 0 0 0 0 0 0
7.15157982806001 1.9588214885252 11.8295791134335 0.914370029156481 0.0147403826922884 -0.404611135410855 0.380059736317409 -0.375759898671388 0.845197666454901 0 0 0 0 0 0
6.36779351997495 8.01377878379333 10.3497185048092 0.503295613247238 -0.861967680332759 -0.0608707133837706 -0.849671427703755 -0.506479512960291 0.146754788321775 0 0 0 0 0 0
0.868969551339991 13.3836068531158 9.61291541182777 0.261615907959698 -0.904073641633665 -0.337946692846174 0.821860743840564 0.0250800132039946 0.569136109091246 0 0 0 0 0 0
4.30036471839301 7.77787141918757 5.95544185708641 0.748656244876069 0.248277231335619 -0.614713139121316 0.263078114012906 -0.962354950474325 -0.0682851025112505 0 0 0 0 0 0
7.94383680252485 6.28654775393123 3.79467073021844 0.157493412886098 -0.158642278254558 0.97469403016931 0.598873348326842 0.800144242636374 0.0334649613724596 0 0 0 0 0 0
13.7742374774299 5.43954112269277 3.68710905390054 -0.713026948675686 0.55943439205352 -0.422641374512658 -0.0048850006053534 0.598816146936266 0.800871624505133 0 0 0 0 0 0
2.95471527735992 0.713289463240517 12.4615492187673 0.676157023511428 -0.676531646516563 0.29174751210208 0.110527283034839 0.484651405013036 0.867696222951228 0 0 0 0 0 0
8.81213098203724 13.3571449554027 17.7719037984063 0.96735119496643 0.150416324917632 -0.2039769467251 0.235626485143823 -0.830175533536676 0.505261064219146 0 0 0 0 0 0
16.0436316160422 16.8549021688884 2.0710684369835 0.939770358961803 -0.0424684683825752 0.339157930188935 -0.22196911538495 -0.830380943015341 0.511074555512379 0 0 0 0 0 0
9.17759266913979 6.65399044746348 10.6044473842364 0.32978554574218 0.587104032897372 -0.73929043573901 0.943237573324508 -0.237512725390385 0.232143458978547 0 0 0 0 0 0
17.4274019621342 16.7869056082121 12.6758084768528 0.0209281964132904 0.0162133358400572 0.999649507745502 0.471752926608204 -0.881719684720982 0.0044242301169577 0 0 0 0 0 0
16.7684246747936 8.22456268276444 6.07886513174739 0.996041374919995 -0.0732014824986189 -0.0504293803996309 0.055603028490955 0.0704500652365397 0.99596440274279 0 0 0 0 0 0
1.282263951568 3.25850805069094 2.99286568934915 0.794595328073481 -0.593942021783826 -0.125901308027911 0.423364846060226 0.393400873976407 0.816086980336655 0 0 0 0 0 0
0.698669275124788 7.81582552908339 12.2250466207705 0.680683494508751 -0.66274729506139 0.312147406191635 -0.537210006277456 -0.161877906357349 0.827768658858704 0 0 0 0 0 0
2.88342788880416 15.406087809019 14.8922966111166 0.134268117128402 0.545235685195546 0.827460041519914 -0.585208141504178 -0.630231193974444 0.510235311654116 0 0 0 0 0 0
6.84893416139225 2.86809385544322 15.2469244495448 0.839990948914453 0.522170311295548 -0.147490242874937 -0.191190011378852 0.539221803030353 0.820174509897528 0 0 0 0 0 0
6.52587948907661 15.8274037984566 8.59841562052343 0.482801639759047 0.368903150897217 -0.794237396440183 0.217873617227669 0.827827248186609 0.516945968236447 0 0 0 0 0 0
4.30333979973959 14.3659306671771 7.37745994990826 0.992160894077089 0.0883901762985611 -0.0883398947138919 -0.0877220703022975 0.996079475162486 0.0114244274213621 0 0 0 0 0 0
9.81854394989897 3.27962159111466 12.6435408540702 0.775993895670444 -0.565475866536168 0.279411020268309 0.25929486533259 0.689824488670958 0.675949959421557 0 0 0 0 0 0
13.1650755338957 0.896999021938994 9.81967329110044 0.059485854987051 0.455682855597863 0.888152333876704 -0.684758269920797 -0.628762582358327 0.36846129620513 0 0 0 0 0 0
3.26667437001445 4.14507767330629 14.7638234921746 0.623054947501443 -0.210518728074128 -0.753315602867766 0.780463748971019 0.103594486665283 0.616558609440059 0 0 0 0 0 0
10.4546002144467 0.410568640714847 0.772872464031452 0.615302812858798 -0.759822455417179 -0.209934000895185 0.671120832657867 0.644630616008863 -0.366125930352722 0 0 0 0 0 0
14.6387856855 14.5342277862759 7.27029469280809 0.871903895748739 0.175307662552252 -0.457220756340565 0.109305383859956 0.840482296013022 0.530699390566737 0 0 0 0 0 0
1.76379316779868 4.56232578747967 1.50665718283064 -0.575328093313672 -0.663291969255104 0.478582645491604 -0.817922293200442 0.465958687458797 -0.337469441383078 0 0 0 0 0 0
17.7446016608425 1.09679087166657 17.4033987150506 0.225241466874254 -0.970753020014756 0.0830954615641925 -0.893837983368532 -0.171947606120363 0.414110710121281 0 0 0 0 0 0
13.3810670181995 5.78790985632143 7.7274008995582 0.711427917249153 -0.177068558553903 0.680086056415051 -0.702700226416485 -0.191761415029406 0.685156880940519 0 0 0 0 0 0
15.4753700981469 6.69129417167277 13.0441277345219 0.996643297021103 -0.0746823010392245 -0.0335364341335109 0.0469915546656069 0.186430365447552 0.981343728073503 0 0 0 0 0 0
14.527372713772 12.3465288489302 12.4151395388614 -0.848969884253783 -0.525788977388805 -0.0528780378470412 0.468394998175559 -0.702398216303195 -0.535950437464331 0 0 0 0 0 0
7.3980367513739 14.5395062016378 9.16441261858899 0.214550462413794 0.502004689472756 -0.837830168247354 -0.294509222015593 0.851131389024847 0.43455687402733 0 0 0 0 0 0
