t = 0
b = 11.4471424255333 11.4471424255333 11.4471424255333
E = 0 0 0 
6.92330027459507 4.47197697697469 6.05536619644983 0.171735776993076 -0.596127491033695 0.784307871523968 -0.0811030220124087 -0.80198885888911 -0.591807544762821 0 0 0 0 0 0
3.90230659817653 4.30687666811425 2.77193752344213 0.897271721983633 -0.237345413731569 0.372250737419171 -0.237203037520349 0.451961410452905 0.859921858340943 0 0 0 0 0 0
0.888318990788195 1.98988625548457 3.39191945169155 0.505585742291106 -0.267278593153618 -0.820332378267355 -0.400488829653132 -0.914867212635718 0.0512511518623363 0 0 0 0 0 0
2.55658448320376 9.62191852906377 0.0446015985067656 -0.314755492342982 0.143416425468354 -0.938275390781303 -0.62027118639018 -0.779326912586497 0.0889562738232541 0 0 0 0 0 0
10.1475712594519 1.1145617625998 9.09531509571655 -0.0710063744092443 -0.328487179854606 0.941835584093329 -0.527502998658812 0.813746389327047 0.244043849058231 0 0 0 0 0 0
0.83114682916274 3.94425436411662 8.42092178218049 0.987946251052844 -0.100672829726552 -0.117589057252279 0.124897762255435 0.0696494479893852 0.98972193235189 0 0 0 0 0 0
3.40645176220923 4.73207824707597 1.70916065544449 0.0664449562855287 -0.82460107368026 0.561799018394992 -0.657444966914479 -0.459719361616611 -0.597012750310775 0 0 0 0 0 0
2.72448712291644 5.68766691000424 1.12184927849276 0.838994773288201 -0.265455574786155 0.474995903361315 -0.538818185651022 -0.527078679918434 0.657162862604987 0 0 0 0 0 0
0.388525059145902 2.46141276364255 5.01461155153144 -0.824178676659216 -0.537660826643128 -0.177905436773845 0.450889684413803 -0.813041291436731 0.368323703972625 0 0 0 0 0 0
9.38193027377812 0.290074787755027 5.66797049026412 -0.875442405616542 -0.0698513525048569 0.478248244117598 0.147098153710433 0.904053756806459 0.401309030522751 0 0 0 0 0 0
10.2143049014821 3.62322372024923 9.52490838284349 -0.163391785593389 0.913323677554691 -0.373018745398377 0.969558153987321 0.0787606748635446 -0.231848532735785 0 0 0 0 0 0
3.93609687860171 10.9917808931986 9.80450567666985 0.771750254079385 -0.571672161928084 -0.27855427586895 0.491053173591073 0.25739978117886 0.832233220530886 0 0 0 0 0 0
0.0273613816053822 8.99343837041194 4.67056153482126 0.190471011551771 -0.598573493531829 -0.778094188771222 -0.269426348657525 -0.794043341179482 0.54488954383214 0 0 0 0 0 0
3.08540649464645 0.372487498465939 5.36964576879042 0.658538676309787 -0.702938314099043 -0.268709021760992 -0.554630780369959 -0.212015308257848 -0.804632963860256 0 0 0 0 0 0
7.86573639254334 7.96675310746493 11.2790434977826 0.532774386292272 0.268188162474042 -0.802637254816701 0.675830264183299 0.435986660933803 0.594280308862515 0 0 0 0 0 0
9.29294411468777 8.13592505072639 1.8691121094715 -0.692766714362736 0.295652523192316 0.65777189435326 -0.529690558614885 -0.827568348921479 -0.18589927374153 0 0 0 0 0 0
1.93236662425273 7.18431820000799 10.7933376133147 0.860605850094875 0.0619028781934814 0.505495404977969 -0.390324900795648 -0.557380410340588 0.732784791045383 0 0 0 0 0 0
4.89106423174086 4.0187876091297 6.89185360299404 0.287803271118958 0.686726988486637 0.66751428480393 0.65394484358564 -0.650131689653024 0.38689136415363 0 0 0 0 0 0
8.16079925639211 10.7449213425113 4.32896979919534 0.292688169761325 -0.110360374126906 0.949817994725482 0.187199843395424 -0.967482614364422 -0.170098822851048 0 0 0 0 0 0
7.60545013062068 10.8158446860105 10.7459914245693 0.982653163745619 -0.125772007105623 0.13628705738018 -0.142984740817776 -0.0458155594319909 0.9886638955718 0 0 0 0 0 0
4.15731903610925 8.99619955760327 9.72069235758657 0.938030349451747 -0.00691398793126843 0.346484141452852 0.315215313254962 -0.398439649642531 -0.861327552027864 0 0 0 0 0 0
11.0180366203085 9.29405749837989 9.33166121709996 -0.0655978923313567 -0.917643098870659 0.391954154993589 -0.913068890380896 -0.103241195297979 -0.394520540671894 0 0 0 0 0 0
11.1056800219021 4.40515565317821 3.60560266816861 0.893956543963855 -0.379690973241507 0.238068188431631 -0.162244137772233 0.220989456192938 0.961686279412415 0 0 0 0 0 0
5.26602625846431 2.94421664791842 6.32548802186185 0.0744814275865412 0.823082952858534 0.563015958617824 0.878605361441344 -0.321221501045094 0.353368598085432 0 0 0 0 0 0
9.52255291632079 2.32508389983595 5.06847644503869 0.846959999581617 -0.33085515011641 0.416165386295106 -0.338216880953327 0.268654693638146 0.901905758394078 0 0 0 0 0 0
1.46069377668239 6.71916114492242 7.8207840119792 -0.0725912973982663 0.507612349153588 -0.858522106022211 0.67450052704999 0.659080714481313 0.332658459697161 0 0 0 0 0 0
1.52096408686545 3.94149719895349 6.55602943358382 0.107782944444925 0.470988366564253 0.875530008308064 0.473202969893007 -0.798808382418074 0.371462134628899 0 0 0 0 0 0
1.24093001293886 8.17724875191537 4.27925008940712 0.85188699915631 -0.410823427087449 -0.324827111591044 -0.500241814770059 -0.821919493223274 -0.272408651505701 0 0 0 0 0 0
8.59129946424473 3.16510887318898 0.278172633132939 -0.563284210855366 -0.572533419083416 0.595748589451709 0.143531242919733 0.642252335239201 0.752934738331091 0 0 0 0 0 0
4.80519690891675 7.74140234465588 4.87830513522462 -0.0548913833073092 -0.640622879525364 0.765891155626726 -0.798577575739184 -0.432283432492687 -0.41881366921206 0 0 0 0 0 0
2.44449752746806 0.545174412368017 9.94963341146616 0.49067802690808 0.0816469691847133 0.867507260103651 -0.782653710643648 0.478915426075305 0.397609335759157 0 0 0 0 0 0
5.05306885438041 4.95818347268289 8.3616212245336 0.899696283216523 -0.396327933846129 -0.182950175784645 0.183380119173021 -0.0371729548397488 0.982338996131463 0 0 0 0 0 0
5.22577970678983 0.0541469670931284 8.75941412139186 0.84413831708973 -0.0210500010435457 0.535712048657658 -0.448411431325452 -0.575429023597695 0.683965369779832 0 0 0 0 0 0
10.8625089446578 8.06898325784793 1.50423131641771 0.10683703760751 -0.247078148319133 0.963087865159997 0.944288990150918 0.328479581694144 -0.0204809054926691 0 0 0 0 0 0
11.1891088503844 5.67589027323578 1.92666795474366 -0.453741489074189 -0.515198342115795 0.72711025943379 -0.587013518405968 -0.441096989691759 -0.678858287784361 0 0 0 0 0 0
4.86449997747029 10.1611301060741 1.74785865098096 -0.627252635412794 0.619885096670537 -0.471483401927855 -0.77873144328624 -0.490284110447012 0.391406221565922 0 0 0 0 0 0
8.75260192783395 8.403799896384 2.85808593009718 0.888219433418702 0.29715966940214 -0.350374612348228 -0.127861168062795 0.892408418361058 0.432734025170119 0 0 0 0 0 0
4.20679293800304 3.39603101315697 3.37984749948836 0.577132030525801 -0.768417839318421 0.276500711677882 0.757483305092209 0.377173196172725 -0.532878431347558 0 0 0 0 0 0
4.01438884175039 0.728800764442167 6.57785535112455 0.633972569729373 0.754964885070504 0.167650836983348 -0.698910773661241 0.466518219353297 0.542111133875403 0 0 0 0 0 0
7.33144918071564 2.25766591249453 9.29309904872929 0.388654317681007 -0.664886950454842 0.637866102299511 -0.0161550558154625 0.687267681860024 0.726224584851234 0 0 0 0 0 0
3.35732504678012 3.28441953865292 4.13868177297125 0.62200676119257 -0.744601172156222 0.24223270517069 -0.682506807574294 -0.667201964445299 -0.298372244444889 0 0 0 0 0 0
6.80537637668588 11.4040496821106 6.87679630299239 0.992654763394159 0.050692582112992 -0.109848909096103 0.0279050896698152 0.787560313737527 0.615605440356214 0 0 0 0 0 0
9.34611887660396 1.25333889268765 8.21516594337063 -0.47743706067178 0.195641287954778 0.856608626821191 -0.308336266938521 -0.950204680511413 0.0451642737639039 0 0 0 0 0 0
8.2206001443812 3.04043117696042 1.41076214165738 -0.415156544323503 0.832747922912968 0.366300342054857 -0.867834062539077 -0.241699764277969 -0.434102826349813 0 0 0 0 0 0
1.79819188513533 9.01007839462945 1.11562692514566 0.544122915342382 0.556586746867636 -0.62780685422398 -0.504596251764028 0.814912793956596 0.285131129397597 0 0 0 0 0 0
0.409458632456695 1.4274234184692 1.00212165815048 -0.551993892446905 0.498804377452391 0.668204261985546 0.667365204501889 -0.216168645428875 0.71266738423587 0 0 0 0 0 0
4.85105642478624 1.47937600468363 6.57526613704364 0.740776524503201 0.105497723395933 -0.663415684999408 0.571683136692218 0.419587503911774 0.705070718284935 0 0 0 0 0 0
5.51517378226636 2.42458637232058 8.63003259697552 0.748402638443915 0.392294051646009 -0.534788619749285 0.516161906152337 0.161848880797176 0.841059942228785 0 0 0 0 0 0
9.46329604843521 7.95569418288516 7.8615516245377 0.450034676583924 0.840695679724635 -0.301163683010314 0.887922283558666 -0.385304184272411 0.251266201352541 0 0 0 0 0 0
8.00747150371644 9.62764889164604 10.2142148560008 0.729329614240151 -0.0186250195454911 -0.683908928468728 0.618085673833149 0.446536071636684 0.646974216278749 0 0 0 0 0 0
8.23992250747687 3.96613642027747 5.66470384258846 0.422140433557973 0.553107042682721 -0.718240944036374 -0.0794008530587247 0.811810954014466 0.578496741110674 0 0 0 0 0 0
7.43646547586494 8.28417646756967 4.25470634646575 0.820752770478066 0.491745280350284 -0.290777352979562 0.415866527957011 -0.165306114633509 0.894275639492519 0 0 0 0 0 0
1.22641498277387 4.42621589103801 3.43876234583741 -0.540790538963002 0.830792818496521 0.131639225547378 0.804338708272904 0.464953176780282 0.369942949352735 0 0 0 0 0 0
11.0942653392351 9.61019140370452 11.2493953645287 0.923877066068963 -0.238406499960478 0.299355152901032 -0.203631092315341 0.356050704992406 0.9120100184301 0 0 0 0 0 0
1.60861789183142 9.96930820793274 7.12233582004477 0.985551388784275 -0.159656212983137 -0.0565539894372675 0.166177634962457 0.846857552712962 0.50519033942792 0 0 0 0 0 0
6.05007146328602 9.88468181111964 5.58555583935987 0.289899294968997 -0.956294956112636 0.0381884235077921 -0.433529023315094 -0.0956410210659168 0.896049876420353 0 0 0 0 0 0
8.03288874440773 1.67794809165615 1.02454276912316 0.87353798548666 0.431358652486669 -0.225524058221719 0.332880699936485 -0.191365003174613 0.923347104381541 0 0 0 0 0 0
1.48887882674899 3.33343860647996 9.20904230625317 0.774917998483886 -0.502806514862161 0.382998308400829 -0.624133878315053 -0.513044705896531 0.58927245964066 0 0 0 0 0 0
0.435066122193326 1.58260258022334 10.3100568269365 -0.0623092028665578 0.0408683765664307 -0.997219804774734 0.980487368619411 -0.184145716221824 -0.0688104292599299 0 0 0 0 0 0
7.34397203046651 2.41533112022573 0.197196408931301 0.349281428598451 0.478629168979508 0.805553599854293 -0.89173127605851 -0.0942441280645474 0.442643621465865 0 0 0 0 0 0
11.2344017268802 8.92579983085221 6.78168773375931 0.500129095348251 -0.753044066484652 0.427545929601019 -0.277265683558884 -0.606992813595022 -0.744770746582211 0 0 0 0 0 0
0.925359235046259 5.83902638154686 1.34173676802451 -0.123775749623875 -0.904423660518636 0.408285936690354 0.75217615119333 -0.353880650027073 -0.555877255437209 0 0 0 0 0 0
2.52764483006431 10.7577477832778 3.06687884104963 0.781889132737409 -0.570806730220036 0.250657257709912 -0.0490970430327837 0.344439983272267 0.937523641455957 0 0 0 0 0 0
6.49332801163092 7.30726764914756 2.74291646450598 -0.0349240203936509 -0.867152866146103 0.496816082201596 -0.0918670458849846 0.497800131384468 0.862412589816482 0 0 0 0 0 0
10.5103174289964 4.89224358816426 6.14920649865044 0.987065673369095 -0.151279718086043 -0.0530641437528488 -0.159266881871106 -0.963141716622847 -0.216776599382522 0 0 0 0 0 0
9.65298085267344 4.51551350886158 3.06980134530711 -0.647395139445425 -0.385926242659661 0.657221780412849 -0.589479369916311 0.800146627562817 -0.110812665534768 0 0 0 0 0 0
5.63842196154026 8.37426790636803 9.30649677105403 0.0671429080991156 -0.970345023903871 -0.232211895640576 0.129612510517252 -0.222282238488017 0.966328724384291 0 0 0 0 0 0
9.45038509362681 7.33964685690663 11.2428291259598 0.682035107359338 0.229674484129541 0.694318186186395 -0.690625956681216 -0.110005105973634 0.714796939429574 0 0 0 0 0 0
5.96782983133566 6.99762342346736 6.49033296567485 0.735005422351815 0.322453920324806 0.596481767014377 -0.510631067143886 0.842001832570676 0.174036855910237 0 0 0 0 0 0
3.38803644831885 3.17717636712668 7.98729076911657 0.51280958644154 0.800518102652732 -0.310156565912972 -0.577178758336439 0.588922778900311 0.565716043097191 0 0 0 0 0 0
1.08101894246728 3.10420881077077 3.20593587919314 0.761226227636865 -0.60362073643178 0.237016111071177 -0.423361833604042 -0.185724870319596 0.886719251168143 0 0 0 0 0 0
2.30975487015873 2.79184448724284 7.92476137585233 0.608751664209633 -0.163557417244631 0.776318480126725 -0.72620630928173 0.279123899285791 0.628262879061706 0 0 0 0 0 0
1.80780437427763 5.79602792384128 10.0344715918201 0.350056226928484 0.139838568814255 -0.926232051194826 -0.649197595411802 0.749030880740689 -0.132269504453449 0 0 0 0 0 0
11.370871042259 6.42468597290578 3.56762373780448 0.0861730361607961 -0.523731550986037 -0.847513699205264 0.323115472091039 -0.790004379609856 0.521046516054596 0 0 0 0 0 0
6.62372321393166 3.34395741935815 5.92953117992139 0.887048779813574 0.253653962864391 -0.385751382828939 0.359678563168687 -0.90352326342229 0.232974341187274 0 0 0 0 0 0
8.36497974348087 8.8908711148094 5.22508275540679 0.942472966649616 0.314875878908649 0.112240313685315 -0.21216293175806 0.822914417381158 -0.527066174264726 0 0 0 0 0 0
4.10529897117723 9.52361976974728 4.78285479127438 0.307024024054487 0.788985068370454 0.532201851313823 -0.85297167546486 -0.0199012671289181 0.521577664802983 0 0 0 0 0 0
5.94220590169763 8.54382428617905 6.39360200188188 0.250842364720533 0.135918493177894 -0.958438454609195 0.961768612432184 0.0774184310498793 0.262692829506338 0 0 0 0 0 0
6.51481265988177 6.37550585382269 11.1875053887642 0.890552209961345 -0.22930963923228 0.39285347228722 -0.205272680988979 0.568113341944839 0.796938113747776 0 0 0 0 0 0
8.29976007766461 5.43679526026127 5.20401289030473 0.0782992202766711 -0.657051937410185 0.749767953202581 0.64973931270746 0.604040028915476 0.461491569793239 0 0 0 0 0 0
4.66016171223525 7.08700324137054 1.36362600368513 0.630883951164811 0.694647576180053 -0.345615660915205 -0.773562880281921 0.528769316241353 -0.349289966147884 0 0 0 0 0 0
8.0626446009365 4.74558004907412 11.1350206971402 0.705336021553675 -0.360819123020811 -0.610172645372871 0.460468226348418 0.887645476927977 0.00738375330341886 0 0 0 0 0 0
3.88177620242243 5.3961307507901 7.97276706985176 0.324080035348268 -0.502973323489067 -0.801242763803223 -0.254127102159973 0.769538398807431 -0.585858403292699 0 0 0 0 0 0
7.95522193414619 8.46036664991579 1.49105565069306 0.687799117947641 0.298252934420495 -0.66179873108069 0.686737190514921 0.0280617462954757 0.726363937402265 0 0 0 0 0 0
6.94794067176275 11.2339645435602 2.25095398279424 0.587176468186998 -0.416065046475629 -0.694344059028862 0.576881785803596 -0.38663929403554 0.71952585882354 0 0 0 0 0 0
1.42428118774874 11.1781680544244 1.87464814082343 0.435456767793884 -0.877309460933965 -0.201756073361521 0.635873132373341 0.141120500404591 0.758782158390189 0 0 0 0 0 0
3.96519572931427 9.14936222727295 3.63282559580093 0.216239283746828 -0.205462759262745 -0.954476624502035 0.294603710488695 -0.918308501601744 0.26442040324501 0 0 0 0 0 0
5.30992462022873 4.57692479764406 1.64309695223698 -0.791076487289708 -0.487931505641082 0.368945574658654 -0.320737177380948 0.844423315200462 0.429041871839526 0 0 0 0 0 0
6.15604070167204 1.55294769549327 6.24901535170255 0.514443855123582 0.785201516851888 -0.344682604520566 0.854913401169682 -0.438281431245262 0.277547227559727 0 0 0 0 0 0
10.2665135521278 10.8701348733476 10.7584757765189 -0.495063565933868 0.352965064091217 0.793931816477917 -0.174500038946899 0.854755790413529 -0.488817220607124 0 0 0 0 0 0
4.23077068468378 8.26014614270813 0.956244268574112 0.838089583226972 0.391638619618241 0.379769722476607 0.545174631507677 -0.626486671116542 -0.557044946188172 0 0 0 0 0 0
7.74292509732604 9.42398894757551 4.42644425489352 -0.0820188678616726 -0.931455983715574 0.354489288576034 0.284650222630956 0.318977880705749 0.904006284478497 0 0 0 0 0 0
5.63757222347698 0.891736435108032 4.15058332118434 -0.0480732429484099 -0.605924629761886 0.794068200068699 -0.903919818045361 0.364645149822657 0.223523773356782 0 0 0 0 0 0
3.37872224977568 0.0980603738486825 2.2241932338533 0.892209298241433 -0.417704826690643 0.171712684129242 -0.324448208752792 -0.328346040841248 0.887086375332742 0 0 0 0 0 0
8.58171689831911 10.8563318754143 7.67362672830039 -0.720851628725601 0.2784352004347 -0.634702110066239 0.130693454491087 -0.844722974775095 -0.519001268630724 0 0 0 0 0 0
10.3195014841122 3.03605136017918 0.420155161927315 -0.358321726729136 0.861426163069526 0.359931251398326 0.582645073249515 -0.0949010275341612 0.807166967603994 0 0 0 0 0 0
3.41576364088284 1.23893974293286 3.37828085518056 0.740951831454944 0.166570483731054 0.650572561220628 -0.641860039409541 0.460556623711635 0.613109522161026 0 0 0 0 0 0
4.79187148179325 2.32633798915827 10.7799192443385 -0.615992528052519 -0.344799154439626 0.708284369784613 -0.52477916198632 0.850175512011213 -0.0425256384009342 0 0 0 0 0 0
2.8579405295649 2.07216256318911 6.70734284989134 -0.0669885532822359 -0.815465164490009 0.574916601980179 -0.994187881673806 0.103226089727676 0.0305749952164137 0 0 0 0 0 0
0.362929043429548 3.64279036840826 4.16754510920197 0.646733734207546 0.528857635912661 0.549586278917909 -0.677707471272155 0.067869201045558 0.732192839989124 0 0 0 0 0 0
1.16369641965197 6.32086354203802 4.60833560380337 0.942687881006659 0.150637242472395 0.297738106703675 -0.285970242634639 -0.0950406922728781 0.953513653357821 0 0 0 0 0 0
4.27410619301814 1.27993411099831 7.82194271985994 0.993307771757529 -0.115460854265246 0.00290889986641094 -0.086858233631443 -0.730165374657913 0.677727211273899 0 0 0 0 0 0
6.00397550728072 6.25642324794655 1.20283100269352 0.49678502485403 -0.24334091367333 -0.833060525300179 0.12644456386725 -0.929350373773363 0.34687123696803 0 0 0 0 0 0
3.68925352923275 5.81606295554474 3.37949617016807 -0.0496098243768935 -0.55878064614343 -0.827830329729966 -0.478799170305356 -0.714095904262593 0.510703822220173 0 0 0 0 0 0
9.74837345026926 6.40743142479548 10.8880237996399 0.408200570009684 -0.283378693167893 -0.867795373865421 0.908794216871536 0.0361729380887418 0.415673657970866 0 0 0 0 0 0
9.55782320508287 6.81465619162689 3.88012574677934 0.693232596286953 0.624799098366986 0.359241776697885 -0.328482532260119 -0.169761843204781 0.929128700768465 0 0 0 0 0 0
1.22458795123712 10.7170926704742 0.582261805965009 0.520833183349931 0.740983839361274 -0.423881758190893 -0.475687324660547 0.664229652125358 0.576645938505352 0 0 0 0 0 0
8.61456684915982 2.54983064421385 7.65781394063641 0.643180962655605 0.663534705873987 0.382151728215549 0.0633682904921441 -0.543491729937456 0.837019234695174 0 0 0 0 0 0
7.25734668974241 2.32408318597024 2.66209324336587 0.84050943748528 0.0684100997084534 0.537460643913634 -0.4738576207763 0.573777120883379 0.668011055883811 0 0 0 0 0 0
3.23585382756675 6.85060457941891 10.250626403028 0.308491318939818 -0.936123952187906 -0.168834393056829 -0.504024041671727 -0.311390879457145 0.805602560576742 0 0 0 0 0 0
1.7470797918029 1.30213680328613 0.862703370749573 0.015402281844679 0.975124118823991 -0.221123772131611 0.441406395299644 0.191802701349655 0.876568376080012 0 0 0 0 0 0
3.94508436973012 1.13975140443012 5.13747161069431 0.957339074960131 0.236312957226965 0.166307191068599 -0.162369093218344 -0.0361712610870961 0.986066892983849 0 0 0 0 0 0
4.84265659575517 9.94177427534911 8.16524184262659 0.393633248918263 0.474951924290173 -0.787066410767932 0.0660732284506285 0.839356297035391 0.539551049585809 0 0 0 0 0 0
2.12911668377814 7.96329869605592 6.31554233955208 -0.589524820132157 -0.703097777690617 -0.397635513321766 0.745529681717263 -0.663080692448684 0.0671527287630974 0 0 0 0 0 0
8.88537004066085 9.63325197486682 7.72741360929379 0.235041633818775 0.737086420367171 0.633607953929014 -0.941347186853981 0.0102428953570542 0.337284089302773 0 0 0 0 0 0
0.0164684534594782 4.57973150399382 8.03052324207986 0.999898262147843 -0.0131535307956187 0.00551815017310995 -0.00564101593539265 -0.00932216886870533 0.999940636291375 0 0 0 0 0 0
8.30898436744924 1.97564235488953 2.44284253334274 0.702891612377013 0.693615898041847 -0.157608271463289 -0.484434844276701 0.62905712244765 0.607955605573706 0 0 0 0 0 0
3.98260775103881 2.32648090303326 2.62575077885011 0.543286510720096 0.267082526428454 -0.795931335823749 0.701116366985865 -0.665837596494219 0.255139442343483 0 0 0 0 0 0
5.06852974480463 6.03337465257343 6.81873837788253 0.961258478874672 -0.182290260701367 -0.206766529315019 0.0897218315343452 -0.502347250518027 0.859998391186345 0 0 0 0 0 0
8.17129636137952 0.333541533644214 4.09840657593181 -0.609629351099794 -0.78682849932635 0.0961923433828695 0.510476897394483 -0.296852384149467 0.807026640979887 0 0 0 0 0 0
1.7495992889046 0.614500387873322 4.38933166611635 -0.634254202735149 -0.709230304334178 -0.307756367483844 -0.579173241324546 0.172185032778727 0.796812820567421 0 0 0 0 0 0
6.01929213068809 10.5189416418738 9.22779218667344 0.943025101576092 -0.330481322207103 0.0385454727516332 -0.00306741414162461 0.107208740510957 0.994231802412565 0 0 0 0 0 0
8.85015001727741 2.40659043990057 11.030149156839 0.476363688776838 0.801539733862843 0.361402394920131 0.74042782865689 -0.587369597926836 0.326746975474465 0 0 0 0 0 0
6.17736980744054 5.73130310575669 4.06030865443859 0.386060766702416 0.698643500918533 0.60237392293943 -0.519294056846295 -0.375108346292108 0.767872001746461 0 0 0 0 0 0
9.58561429777047 11.151203444191 1.34513491637244 0.0415537188433406 0.989250889483455 0.140199736470804 -0.597555213932487 -0.0878529447214276 0.797000392977239 0 0 0 0 0 0
8.99981632419357 0.301026542388115 8.01739573606837 0.816189513859288 0.0560560197465254 0.575058605810153 -0.28678400960602 0.903330395264534 0.318981392600753 0 0 0 0 0 0
4.44842834342306 3.0956480522279 0.535230308838548 0.611963321219435 -0.766381333468438 -0.195347242604594 0.671048626849519 0.37242940480863 0.641085079250223 0 0 0 0 0 0
2.18926233325933 2.59273644827108 10.5500191429353 0.762660049746312 -0.491139732211819 0.420869827813608 -0.631492310117183 -0.424686458285822 0.648736367418622 0 0 0 0 0 0
6.66244300298845 9.43349333523112 10.0595468892955 -0.0097443782033299 -0.6894244965916 -0.724292006439978 0.595409655080255 0.577924431151912 -0.558113514004947 0 0 0 0 0 0
3.11009472258195 1.46231040073895 1.73269381761398 0.427480382904408 0.662903535285119 -0.614670175897929 0.733452340188421 0.143169009345819 0.664492512700531 0 0 0 0 0 0
11.2106077902576 6.78714432619528 10.9036907122041 -0.746876134001007 -0.634937349203371 -0.197561643661684 -0.612638375435725 0.541514434691266 0.57570507898096 0 0 0 0 0 0
7.20976398635574 3.97538800421985 10.4605920662934 -0.00917271725246388 0.999721257406741 0.021754740800392 -0.100474552727881 -0.0225670003724551 0.994683665668801 0 0 0 0 0 0
3.49937649601687 9.59096115594074 6.68962887751468 0.280059022736286 -0.921333674961952 -0.269650149573669 0.401579521786748 0.367570426844746 -0.838824098956807 0 0 0 0 0 0
10.155065573255 4.21756174821166 10.9130087392486 0.931152204578843 0.205870424927073 -0.300953385175025 0.363878559650943 -0.471656812421868 0.803201248207694 0 0 0 0 0 0
9.35998686437951 3.55633427652985 5.18766126480383 -0.779648615000382 0.621532316755701 -0.0764566305579643 -0.491979686598232 -0.532401378065054 0.688843059491156 0 0 0 0 0 0
2.24711357771706 4.60828949347753 8.48604616014675 0.349487881139093 -0.929851485198884 -0.115041020555002 0.122757491130693 -0.0762819840644766 0.989500711105598 0 0 0 0 0 0
10.244405596975 9.15687158202187 6.00421697425023 0.153756816854868 0.675968746300499 -0.72071152016295 0.253964835983306 -0.73191664669301 -0.632297306951115 0 0 0 0 0 0
7.67463217799347 9.14521577289486 7.3661645836543 0.93806324818955 -0.149013854677234 -0.312781414905525 0.339223633965171 0.578627305742194 0.741699243095875 0 0 0 0 0 0
0.346596054244527 6.93130114302365 9.04013949577349 0.0271087363888259 0.662506154498864 -0.748565769764106 0.817631845206771 -0.445514131238394 -0.364685240406943 0 0 0 0 0 0
3.26764738104019 7.09609602833569 0.342319711181735 0.409172222493055 0.415745581481416 0.812239929958367 -0.418845552102032 -0.705265213076625 0.571987222504425 0 0 0 0 0 0
3.15352898007816 4.56335702517831 7.0319086349713 0.71709747006748 -0.2094909534669 0.664744130352686 -0.474764571701586 -0.845083040856478 0.245831762621876 0 0 0 0 0 0
10.1916870568637 10.6609584147905 3.29042957265685 0.732901478434616 -0.628138055779817 0.261338871562396 0.651729092017914 0.538003334248392 -0.534604155385195 0 0 0 0 0 0
0.897171836531185 8.77708989504687 1.62530122280463 0.452459326874561 0.711337603869939 0.537846977164316 -0.450611969029084 -0.338091804728152 0.826221994952563 0 0 0 0 0 0
2.1294955119078 3.28132181565653 1.18602267551147 0.372638267438437 -0.799436406040692 0.471213491251283 0.87236992048888 0.474920425907255 0.115850381450805 0 0 0 0 0 0
2.23829183222014 4.785202025702 9.84508607625472 0.592009195731901 -0.799714200407485 0.0999115100250458 0.70494444512877 0.573918266750383 0.416738709951844 0 0 0 0 0 0
3.73699389999725 10.8443359465336 8.56038885851516 -0.0424926157403173 0.680324403449723 0.731678265140031 -0.181376163243759 -0.725423677248614 0.663975282592712 0 0 0 0 0 0
5.25643045072192 4.02801181567137 3.42145434080147 -0.714210003062099 0.272594974267444 0.644667396050217 -0.0320317390755391 0.907349028234772 -0.419155947891965 0 0 0 0 0 0
2.37929096987525 9.44156854918616 1.99140365467388 0.6127566303815 0.61403268473159 0.49748685812273 -0.74318872988247 0.661780841512262 0.0985729657817138 0 0 0 0 0 0
4.549812703102 10.0269883726289 9.56870943635136 0.815743711070714 0.519053614498738 0.25523624962841 -0.489740169099673 0.385014993427871 0.782251891404527 0 0 0 0 0 0
7.72607566664067 9.90987665136989 0.946468611459719 -0.104278912428611 -0.0658880901719652 -0.992363173438131 0.99098144994048 -0.0913117313893553 -0.0980710639513152 0 0 0 0 0 0
1.49574402521431 3.32901706175118 11.2886918910338 0.356333804922379 0.570270571664571 0.740147076305043 0.598610380245473 -0.747558463087254 0.287788041671284 0 0 0 0 0 0
0.564150455245541 4.06130666544763 0.484955414980083 0.583614373079996 -0.800733535825458 0.13498173261187 -0.81081727073146 -0.565549754941672 0.150760831017211 0 0 0 0 0 0
2.02513150862094 1.22701403494649 5.32849164955739 -0.159655028800958 0.936868254406502 -0.311107932499123 0.172859750847637 0.3368131266828 0.925568162930775 0 0 0 0 0 0
0.0235869446351621 0.464356506564671 2.05002931469824 0.424961264701841 0.903850172820862 0.0496264908562896 0.317384753460419 -0.200118403174793 0.9269409598144 0 0 0 0 0 0
6.56041273327531 9.15332094986587 2.43801048095779 -0.885464678861001 -0.020938066782095 0.464234746490408 -0.414967991836357 -0.414038112294363 -0.810169122664534 0 0 0 0 0 0
7.84714500872219 9.52847390657739 3.06204630166129 0.209293079337659 -0.964109150287587 0.163370601006142 -0.835769368394209 -0.0896376867236605 0.541714544730687 0 0 0 0 0 0
3.88101050027769 2.25273119910819 0.0481469853566617 0.941367725367587 -0.335735047234474 -0.0332984037863744 -0.132181060209934 -0.276206049610722 -0.951965537968795 0 0 0 0 0 0
11.0181336305772 8.25028913473438 7.74062068834569 -0.452276090410872 -0.850471460748343 0.26859752883308 -0.872983698920451 0.360480896046021 -0.328561995679698 0 0 0 0 0 0
4.1900425347768 2.143296654384 9.04998029844271 0.0673055766959003 -0.929622417549264 -0.362314946055905 -0.614932924707254 -0.324617667074182 0.718666033936695 0 0 0 0 0 0
0.221155558476208 1.12507021907021 11.4213296203029 0.915083036806672 -0.305458017752757 0.263283943945004 -0.394540942306437 -0.543073252635632 0.74122121334707 0 0 0 0 0 0
3.36866243244668 2.10972559874853 5.07146261704522 -0.338736331372492 0.604401470642774 0.721080134307663 -0.379280238470281 -0.789076352190796 0.483223562255809 0 0 0 0 0 0
11.4441842471269 8.34506720185644 9.14316200701008 -0.556551251615425 0.114547850230119 -0.822878784714348 0.809762544145553 -0.146754510012843 -0.568108911996468 0 0 0 0 0 0
9.4421918324763 9.68547062412935 6.753185560719 0.521855482659609 -0.799866289749838 0.296446915551392 0.00653571785700948 0.351259579846078 0.936255302766532 0 0 0 0 0 0
11.1273721603416 0.0310383060923262 8.24544521541651 -0.721965455323417 -0.370770361724647 0.584204775901589 -0.180506795160571 0.916000132610919 0.358275109319135 0 0 0 0 0 0
2.69758517824315 7.93338191957083 8.52419932538393 0.83997567542088 0.412923462708674 -0.352044143035949 0.454697532050694 -0.889684712133266 0.0413674672098253 0 0 0 0 0 0
7.67411983817834 3.20413951330403 3.65152863825512 -0.424979045910013 -0.297848520521673 -0.854797677442134 0.716761821797407 -0.687464962134283 -0.11680931748526 0 0 0 0 0 0
7.64654515806678 2.64292948512991 6.36600302131706 0.961449933522848 -0.267172697374845 -0.0650597810199214 0.0216226697865374 -0.162409849205923 0.986486442396555 0 0 0 0 0 0
0.16639701876104 10.957405620759 4.67648993562675 -0.393590010435502 0.833919155050736 -0.386866574576879 -0.359639924993884 0.247612596840004 0.899637219237034 0 0 0 0 0 0
2.20457010700812 6.20357520852332 10.930114305981 0.829244004572068 -0.392651911205562 0.397717057099515 -0.52860544514673 -0.319967418824248 0.78625513305299 0 0 0 0 0 0
7.42589256525957 5.66472149994772 1.94532463167636 -0.0190119032476074 0.875504815386296 0.482835236670142 0.888211429372691 0.236511139801772 -0.393881882651878 0 0 0 0 0 0
11.3280336905098 10.7911108205018 6.06963281672437 0.890459878163155 -0.451565279697308 -0.056302784598549 0.443259370283928 0.832705053690654 0.331848495873556 0 0 0 0 0 0
0.144583821419377 6.14159745969613 5.04414342807406 0.934372493983395 0.338300139732573 0.111808130045055 0.288051913392856 -0.901935221015785 0.321774691798348 0 0 0 0 0 0
5.30308561975039 9.57844134525407 11.0320834614451 0.00584554504117814 0.843564006509328 -0.536996831019608 0.352351508608553 0.500827839564167 0.790581994165542 0 0 0 0 0 0
8.36969440083359 7.29776435426103 10.490808683392 0.938925624137549 -0.0685720344771365 -0.337218843520911 0.062338898533426 -0.92983800302731 0.362650175590504 0 0 0 0 0 0
2.04805743956719 1.52378506888226 2.85815639709452 0.978782458207085 -0.0822355853347931 -0.187675805608341 0.0999413107715687 -0.607988880104931 0.787630151828898 0 0 0 0 0 0
7.68462991934605 10.5626991858991 7.10505262931515 -0.114626805070414 0.873029117668252 -0.474005121557503 0.751230829703787 -0.236031762781551 -0.616393743852738 0 0 0 0 0 0
1.35308586126748 7.30961702827683 2.71262393247081 -0.758678116369788 0.180537209831391 -0.625950342765212 0.239678539091087 -0.816091914967133 -0.525878488079176 0 0 0 0 0 0
6.68735618094834 0.841317614509329 10.9414008916299 0.743019869806433 -0.619435288825347 0.253419407367885 -0.348527073630001 -0.0348660322619002 0.936650008669845 0 0 0 0 0 0
1.0621749390546 11.0638635920824 6.77172719382755 -0.0642247841913422 -0.706060743533866 -0.70523287184871 0.536927875504299 0.571236115389663 -0.620804121266094 0 0 0 0 0 0
11.3478690127851 3.22270289002832 1.45836660295068 0.97370599453163 -0.181492174550681 0.137685245360691 -0.0107769993978499 0.567015879566844 0.823636357018689 0 0 0 0 0 0
5.33889748870319 1.26830889094855 9.29750703067141 0.988460811663757 0.0571280038174664 0.140291179283866 -0.0633927638345845 0.997162608905006 0.0405966611333301 0 0 0 0 0 0
2.2248982756817 6.79288961199429 2.18996977789203 -0.730467292907855 -0.146038556384971 -0.667150863029393 0.384226647302086 0.719728279946119 -0.578239644566852 0 0 0 0 0 0
3.28530859036404 4.11932210625184 5.99815107906703 0.001662031785546 -0.29997970829332 -0.95394413477027 0.977135395383695 -0.202332891522027 0.0653285549869642 0 0 0 0 0 0
8.2835985529751 5.33452314560666 9.25930570946086 0.979288143930297 -0.162831502718586 0.120335501328417 0.0150468196386019 0.651217657880969 0.758741823865528 0 0 0 0 0 0
8.15484727203754 2.46048395566361 5.08743118827012 0.970998756524716 0.123307013039977 -0.204833579675342 0.210183612924123 -0.0319271856081673 0.977140472847842 0 0 0 0 0 0
3.20575713712898 7.37234377263023 5.48029649526436 0.474541777514181 0.847821979470193 -0.236660078004142 0.572014110702071 -0.0926710175331403 0.814991987486436 0 0 0 0 0 0
6.31172867293241 5.0356134553662 7.87195898467816 0.707677306638348 0.291845477225976 0.643443118769511 -0.672360621032892 -0.00163225032091681 0.740221947150416 0 0 0 0 0 0
1.80080058552624 10.4102400891432 3.81290497223351 0.845844172268659 0.164948452463591 -0.507286550451531 0.0119306894347544 -0.956601815651185 -0.291153954021697 0 0 0 0 0 0
10.5110824862026 9.43450024830005 4.19670767958585 0.659123463724279 0.751827461219997 0.0176558240703519 0.0236729011391952 -0.0442082474893909 0.99874182079533 0 0 0 0 0 0
9.71543371889592 4.96337683804395 1.10407607460285 -0.286590824675778 0.683629972030617 0.671204708381188 0.596635258289414 -0.420799478045031 0.683340447978132 0 0 0 0 0 0
0.100754418700972 9.76549377651244 6.26651465012772 0.283513253823899 -0.135643763414853 0.949326605733159 -0.808011381059337 -0.566939576703858 0.160303226559644 0 0 0 0 0 0
10.0570540804364 2.71616704526616 2.17230228430811 -0.850026657686132 -0.477316134891447 0.222764423989184 0.282874157743534 -0.0569032803318018 0.957467611759461 0 0 0 0 0 0
5.48689204261413 9.93787889261884 0.946879094886293 -0.783982675536104 -0.619103468447417 0.0456295936386621 -0.445731911581281 0.510229139139161 -0.735519740436249 0 0 0 0 0 0
0.483258559957875 2.97431774277201 0.0736967655136177 0.621966764362052 -0.546644118241102 -0.560658141848852 0.6562327545021 -0.0267601739277666 0.754083858075442 0 0 0 0 0 0
11.2696845825275 7.95180578382434 0.0836721582415042 -0.101530493377107 -0.582970495700123 0.806124655408675 -0.720385603013806 0.601927893333725 0.344568417295114 0 0 0 0 0 0
11.0556111133523 5.41145900306226 10.2170039573793 0.957885169175629 -0.286541151853067 -0.018712855690512 -0.0611356876829007 -0.267177113672251 0.961706201301262 0 0 0 0 0 0
10.0986446830974 6.82397955082732 1.78349142297042 0.839358567906285 0.355199749070457 0.411473368205761 -0.124342748344646 -0.611437881056608 0.781461834348361 0 0 0 0 0 0
3.92079953042683 4.57073653189164 0.463202744795373 0.813375321096619 0.572104290805525 -0.105438453482959 0.568472480004105 -0.820148774110332 -0.0647690342934088 0 0 0 0 0 0
1.37241732440207 9.10190518784418 3.36497631890705 -0.100901193758924 0.652068677437888 -0.751415590071452 -0.21579614304997 0.722945293113271 0.656339948357651 0 0 0 0 0 0
2.15007288461744 10.4654148916823 1.0370009688097 0.280331652470961 -0.15887129759769 -0.946664711195324 0.0849944611593444 -0.978226657826862 0.189337126547121 0 0 0 0 0 0
1.85565434017005 4.20138016957639 7.56850471985626 -0.457794638329791 -0.287093953364155 -0.841428030825119 0.258634768803001 -0.948499568806473 0.182911520523323 0 0 0 0 0 0
6.45094890497368 11.2725439847844 4.11969014619801 0.866471192058658 -0.398941957664707 -0.300121621592147 0.366852019783276 0.916552932091751 -0.159217832716517 0 0 0 0 0 0
5.81510709223245 6.17559601106131 8.58731775902366 0.190044816128276 -0.942133412192719 0.276165894876384 0.273432838708979 0.320954588255121 0.906764928188963 0 0 0 0 0 0
4.91845063459198 10.6456729355276 7.07176163094944 0.66732393538274 0.232733699355449 -0.707469992614259 0.604295269616805 -0.724437709879903 0.331688455666934 0 0 0 0 0 0
0.995714007017697 3.3961563872963 2.16644987222118 -0.189771080045854 0.876294880382265 -0.442825270049104 0.17327204155356 0.47383282798489 0.863399820905531 0 0 0 0 0 0
10.6268118460974 0.734798967616843 4.31325733176037 0.993479922079918 -0.0593680054273684 0.0973297711682081 -0.069578582463736 0.360553750100366 0.930139674538668 0 0 0 0 0 0
0.160736679421798 1.72720087796116 6.27518736210107 0.909711459649007 -0.413813206432177 -0.0344048014903901 0.379216137024834 0.794175254224746 0.474848172574164 0 0 0 0 0 0
8.74210646963341 5.30909839564393 7.75594175911066 0.375887072318196 -0.676581181718956 0.633203611335119 0.919040531247 0.359663783658421 -0.161265199747931 0 0 0 0 0 0
10.0465230128529 9.65874922419273 8.32028384833016 0.981189638925858 0.182222358206144 0.0637330733162639 -0.168447049838411 0.646885471192138 0.743750481385566 0 0 0 0 0 0
6.13940041598715 7.74480600102404 7.7497596154732 0.00760099224673066 -0.1522871201252 0.988307066635081 -0.908208760652853 -0.41463075794975 -0.0569050229366891 0 0 0 0 0 0
8.63235068218253 0.994573852014416 2.08804113533737 0.783664567331132 -0.616933318840249 -0.0725474052910544 0.276244943595893 0.241511199836231 0.930247854870607 0 0 0 0 0 0
10.6407766274841 2.03916769563737 4.81981414691441 0.149203930327986 0.442126408621603 0.8844560056747 -0.981938505620754 0.171490699277128 0.0799231583505138 0 0 0 0 0 0
10.3302519359021 0.82069988788748 11.2841504333563 0.53696523091452 0.141363535204025 0.831675833304982 -0.00220701241699502 -0.985621253069318 0.168955244352633 0 0 0 0 0 0
0.141887516547089 10.3342298707621 3.38847091674535 -0.552341103448019 0.688334007769976 -0.470229304902563 0.823906179441726 0.364910863193348 -0.4336111961207 0 0 0 0 0 0
1.1349424384211 0.0506006177983663 8.95667584070241 0.923860254035475 -0.220169650223013 -0.313061585209976 0.380250505555276 0.435061150903642 0.81616870069818 0 0 0 0 0 0
2.95244444902943 1.5363192314468 10.9103810631221 0.354703674256477 0.930027017189722 -0.0960991715164243 -0.550164871818065 0.290715849588679 0.7828172894203 0 0 0 0 0 0
9.53527470611831 6.17360576753289 5.64000717549404 0.616255885997692 0.635800094995233 -0.464743931834781 -0.785340924335546 0.451992798865202 -0.423015534392995 0 0 0 0 0 0
6.82627577024134 6.44208318226394 5.60749796478364 0.137148518194043 -0.7067574551243 0.694034713529087 -0.509432751433877 -0.651218901939143 -0.562487522993788 0 0 0 0 0 0
1.79543083324576 5.00090576369629 1.50443733976781 -0.706760421257154 -0.639177259455958 -0.303219619976646 0.688470504762877 -0.52279687949015 -0.502684579897683 0 0 0 0 0 0
6.34502682289772 3.29503571404207 11.0061399927501 0.723497504872209 0.436169274268525 -0.535077307150804 0.623795409664409 -0.0810704228619094 0.777371772975199 0 0 0 0 0 0
7.14632388977226 1.58838586412962 10.3347555193377 0.781338279225043 -0.0819540119988149 0.618703510039298 -0.31924793228107 0.799343756697414 0.509048442059424 0 0 0 0 0 0
2.95876250705132 10.7728919342049 11.1022085323283 -0.0935024886219185 0.640838689225771 0.761960011426389 -0.961172048973573 0.141467880625167 -0.236928535688225 0 0 0 0 0 0
2.22731442246206 8.4997852575154 2.43297329141964 0.327657109085459 0.880154037341259 -0.343467159154468 0.932322078195982 -0.360088748242641 -0.0333412041980082 0 0 0 0 0 0
1.81194989905703 1.4244134278279 8.49056329272536 -0.631786871185791 0.756622735281978 0.168426202984235 0.282314861871345 0.0222453546350846 0.959063847177925 0 0 0 0 0 0
1.64000811553811 6.06290812776291 5.77446046804958 -0.2791850012939 -0.0979781195494199 0.955225639910322 -0.947298924021453 0.19085463076645 -0.257292165568249 0 0 0 0 0 0
5.64137896482733 9.90679453945934 2.99551396615905 0.706443954611659 0.217964849462874 0.673370821606689 -0.667663905287046 -0.110482539196576 0.736219069373734 0 0 0 0 0 0
3.77138768771028 6.73216319169433 8.12711601489952 0.623458493749102 -0.161367656002624 -0.765022866434932 0.767959294498155 -0.0572750227657214 0.637932671808775 0 0 0 0 0 0
0.560874097199012 5.63554142937741 6.42273921151196 0.493917627097983 0.590774891638344 -0.637989345562761 -0.269339595810005 0.801597391165142 0.533758189263773 0 0 0 0 0 0
9.32629579083004 10.7666857945341 6.81194842484883 0.339753922500327 0.877323792593834 0.33892511723744 -0.84151338923158 0.122631495814087 0.526133758637838 0 0 0 0 0 0
0.941451743559363 4.91062047624208 9.37209316652508 0.870609560053596 0.490315661174761 -0.0403676398869282 0.389204205903832 -0.636232664750734 0.666129178471374 0 0 0 0 0 0
0.832833821205758 8.51605535840173 7.20490856229089 0.852091572236361 0.449563309187015 0.268016386731458 0.498354527975436 -0.540396092644298 -0.67794898591351 0 0 0 0 0 0
3.27030936579961 5.33492201594339 6.21917906157005 -0.188637612622267 0.673458472831866 0.71475138088369 -0.0395419196135498 -0.732436578469501 0.679686026863262 0 0 0 0 0 0
5.05402678994799 0.353977371015304 10.3119168141619 -0.273631756814317 -0.34014196113702 -0.89968278183845 0.935195007287978 0.124532838562885 -0.331514510184861 0 0 0 0 0 0
2.19067974556122 3.13909799842774 3.28202055937811 0.907725621903977 -0.139475930312145 0.395702742222744 -0.411806269072029 -0.11564781214683 0.90390330251561 0 0 0 0 0 0
8.28261665863986 1.13831135631532 7.93797287578177 0.873496987922425 -0.484249330840479 0.050055945411098 0.0895296710744472 0.260854377637813 0.961217681726928 0 0 0 0 0 0
10.4721543446169 2.06021921831307 0.135090251935413 0.948621699582862 0.157237786739352 0.274578130050143 -0.306881023261017 0.245816536937235 0.919455419109842 0 0 0 0 0 0
4.33911551847728 7.45920335336293 6.71643302354417 0.998272912340154 0.0585088029699453 -0.00528322467172517 -0.0324716616833191 0.624493537291698 0.780354671331201 0 0 0 0 0 0
0.203663671357452 3.3489617933491 9.75009208106963 0.242829916971134 -0.937806645171367 0.248097415738693 0.967650790763675 0.216122050223734 -0.130166072928106 0 0 0 0 0 0
6.80251330545184 6.33834039543238 3.31566853257119 0.980844790957149 -0.154850596979567 0.118172706947494 -0.173196476056746 -0.415659430620319 0.892877493510682 0 0 0 0 0 0
2.16154180666326 6.36802565440436 3.15370378219218 0.654274816950359 -0.470605557643541 -0.591992291351489 0.563000976529201 -0.219545917714637 0.796761878130476 0 0 0 0 0 0
4.195454173019 1.0734563105484 1.48730975431994 0.953410048879163 0.0946842749653997 -0.286433529410416 0.288617721307949 -0.562620007953096 0.774698998061742 0 0 0 0 0 0
6.71379756795578 4.00110513796646 3.17851873505348 0.827055140038941 0.347440856821721 0.441887594695931 -0.294355234613791 0.93739837717513 -0.186116303221652 0 0 0 0 0 0
7.68158371660228 4.09153684816832 7.37282183103414 -0.987827687071731 0.0571486604620282 -0.144673740747619 0.0133104273831175 -0.89560009246136 -0.444660889786906 0 0 0 0 0 0
10.6130641117335 6.7493063370775 9.68377095591693 0.89559671523841 0.444090963379861 0.0262628996593759 0.403113097397692 -0.785153227151035 -0.470142787460102 0 0 0 0 0 0
3.43324271426415 4.14682257314502 9.25430158531293 0.890219147644189 0.442701330208365 0.107356422255022 0.453586048695625 -0.839684058959047 -0.29864758086874 0 0 0 0 0 0
2.61629502140408 7.9781285312721 4.30049157317428 -0.469778714255987 -0.882672014446232 -0.0140738958864679 0.137116480068318 -0.0887071928929409 0.986574936242924 0 0 0 0 0 0
9.87203333734835 1.53874264844833 10.3061934736007 0.645675451910151 -0.200083883726644 0.736932595474977 0.349691295245282 0.935397383135552 -0.0524188291822606 0 0 0 0 0 0
0.0847171229533945 7.05035661565603 2.47916307793568 -0.188494523364099 -0.648909184690959 -0.737147668167956 -0.0650878123973275 -0.740697915876498 0.668677930018288 0 0 0 0 0 0
9.78042936451948 8.53811486757152 8.87703195219516 0.670250787193735 -0.658389651448596 0.342471822390654 -0.584414458850491 -0.752670914120046 -0.30322637636621 0 0 0 0 0 0
4.80587579130707 7.35663048394613 10.8687905654596 -0.132730892867535 0.140897252454371 0.981086374550884 -0.404348889682631 -0.911425936589488 0.0761888280812751 0 0 0 0 0 0
10.4228402547948 11.3120866055398 5.69715327581875 0.935157969099168 0.00682074126615464 -0.354165286722034 0.278396021302762 0.604066137950319 0.746726024927871 0 0 0 0 0 0
0.995778457468139 10.7536079650181 10.0103164482371 0.999552598285894 0.0182023231996551 0.023733493001526 -0.0225817562270986 -0.0610629654147943 0.997878438759176 0 0 0 0 0 0
6.17401138753929 9.35037578266742 8.83009496562292 0.432851039920478 0.847564585827854 -0.307041121171449 -0.723676290216562 0.123612452844328 -0.678979078087243 0 0 0 0 0 0
10.8943203158724 4.88339392095899 4.5980812930258 0.385404604652654 -0.746808707736379 -0.541977900621096 0.563755214831274 -0.274419003827135 0.77902135278121 0 0 0 0 0 0
6.36447085485829 1.73980063994436 1.4306769793701 -0.491469246432999 -0.0893126178822878 0.866303201020054 -0.855209958940713 0.237431429473825 -0.460697560691003 0 0 0 0 0 0
4.52659228754499 8.28281975822293 8.25574092292118 0.948532517782937 -0.285553046193033 0.136914281644548 0.107221949781303 0.696396613879532 0.70960214885682 0 0 0 0 0 0
1.87605239492818 3.74690818899325 5.42344209463236 -0.504162728548874 0.671660660576698 -0.542855321587463 0.656640385574693 0.706417081835795 0.264193698870581 0 0 0 0 0 0
0.407400313247257 11.0905573989189 2.70150115251856 0.949035042454583 0.0718713379654091 -0.306866418775809 0.0275201578206118 -0.988830188473796 -0.146483785028946 0 0 0 0 0 0
10.8988854852021 8.77354681998376 0.587349485594216 -0.0167890798387958 -0.420976213523686 0.906916288554477 0.726907966736625 0.617661364917966 0.300165364728348 0 0 0 0 0 0
7.84463960748696 7.8158146439678 8.10430048792721 -0.57041918687846 0.0453554069301726 -0.820100505001134 0.644317575482249 0.643944989431623 -0.412540558624947 0 0 0 0 0 0
10.4582840122469 0.678463507584628 3.15462318417585 0.703223067955035 -0.00592005457521972 -0.710944631915689 0.261368608584115 0.932095332126581 0.250768303967314 0 0 0 0 0 0
6.5591805560114 7.99488418963316 1.30849281692658 0.405072600385608 0.903156368092694 0.142213793952824 -0.0369137019935745 -0.139264200099937 0.989567006915476 0 0 0 0 0 0
7.11558342365158 9.01066209691252 11.1883854656925 -0.434981138843927 -0.155925528394356 0.886836308709212 -0.406605787429498 0.912773095363015 -0.0389488126938098 0 0 0 0 0 0
2.35957864682726 10.1596257101111 6.29411126068192 0.551641289689801 0.771933200610138 -0.315928823163006 0.686263012911477 -0.204776892382816 0.697932304350285 0 0 0 0 0 0
0.908363022221047 7.48687103165539 0.05745631530082 -0.177659447911706 0.923675760785701 0.339499940360325 -0.0967105328065327 -0.359705458914216 0.92804043859715 0 0 0 0 0 0
10.9939197425482 4.47874926950363 9.10041659026462 0.797955620624264 0.116606293647687 0.591328842350764 -0.291336588124831 -0.78425253037969 0.547787331920733 0 0 0 0 0 0
11.3116818290234 2.85299825731597 6.14723550060283 0.929624683274776 0.157766130228259 -0.333028221625544 0.269566742846048 -0.907320802488213 0.322649550632753 0 0 0 0 0 0
0.0252538637741387 1.16506150352574 3.79654980083185 0.500794637238063 -0.832897962836311 0.235554059223609 -0.52979058540796 -0.079747195393783 0.844370961390737 0 0 0 0 0 0
5.34190668219715 5.2252217789912 9.45382792897047 0.360559154199972 0.478897353615317 -0.800408908635359 -0.0439843036468221 0.865904901308287 0.498271093806364 0 0 0 0 0 0
2.89201297941223 0.124492294589034 0.925535618859388 0.953355752828683 -0.153975710786127 0.259623359958924 -0.13006166621855 0.566625074165529 0.813646107535312 0 0 0 0 0 0
9.71583075217324 1.28725806896832 2.69550007323385 0.606542738661579 -0.455920118423155 0.65133919872362 -0.125053745710952 -0.863753350804559 -0.488151318401946 0 0 0 0 0 0
9.98225780290201 7.91305413853508 3.82970322848951 0.00923748871691961 -0.277196518791061 0.960768837323693 -0.626122549130536 0.747543125551281 0.221697606913789 0 0 0 0 0 0
3.05269292148302 7.39690888728226 6.94505664045497 0.679793057935783 -0.492151324998414 0.543754054407526 -0.456488758589357 0.296352609008219 0.838923801316645 0 0 0 0 0 0
6.30867454578228 11.1520120235267 0.994460221030748 0.835060186640576 -0.490802269170459 -0.248571151312729 -0.521243303697119 -0.850360915841923 -0.0720536686047226 0 0 0 0 0 0
5.09993602009243 1.40609199218526 0.759845951920872 0.489910660155589 -0.541538350082107 -0.683171838160988 0.744379938985568 -0.148027333135309 0.651142392323438 0 0 0 0 0 0
2.16510082986325 8.98435729261068 7.39357835654401 -0.196018213210318 0.115814103981486 0.973737106928148 -0.422856781552447 -0.905914062804456 0.0226241708849395 0 0 0 0 0 0
9.38637276744148 3.62274696795724 2.32770648147685 0.642686293514981 0.701564847799581 0.307832896974847 -0.626443645332673 0.249910216235799 0.738317846894742 0 0 0 0 0 0
5.97881657008963 3.90785033105916 7.74725761728225 0.938000125431281 -0.213451747737643 0.273119234179225 -0.185565977031649 0.356293066408371 0.915762261177873 0 0 0 0 0 0
6.12740131506609 7.56627820797105 4.99196037207989 0.823367049029379 -0.00638806530771075 -0.567473255047564 0.560594538903447 -0.146462842481254 0.815035213180353 0 0 0 0 0 0
4.59166792062992 0.262596434652729 0.49043087743991 -0.0226899533104234 0.148064781964302 -0.988717344017305 0.488052086703051 -0.861479057499007 -0.140210535108529 0 0 0 0 0 0
7.61305366377842 7.33767485692614 4.92091229122132 0.677052766164785 -0.507372780693685 -0.533078243074852 -0.128260325018792 -0.794621005071099 0.593402685640932 0 0 0 0 0 0
4.06929962332688 6.09282214187919 6.04660029373135 -0.339411688597405 0.093362345313779 -0.935993150680586 -0.0013749037745352 0.995011798112208 0.0997478383581366 0 0 0 0 0 0
9.94102686178277 1.98312995957367 1.22012796894301 -0.536077336583237 0.843985401838126 0.017599167195104 0.759959980871602 0.491573581946681 -0.425224929896807 0 0 0 0 0 0
0.554987788195355 10.6987139737753 11.1358079164791 0.386964913918412 0.186325880994489 0.903072987896186 0.920472391326074 -0.136120869199519 -0.366335482549572 0 0 0 0 0 0
8.87691731974764 3.57452650912286 9.0076906192848 -0.937351529395911 0.132024255049124 -0.322399916901152 -0.10897162563661 0.767868024460066 0.631271638692813 0 0 0 0 0 0
8.88429659718336 0.755840423606955 9.0414480680147 -0.81776704376697 -0.574195151137553 -0.0394587194261701 0.575532071084359 -0.815287080676544 -0.0637950721863904 0 0 0 0 0 0
4.19742177345913 10.1983377263218 2.89247484783116 0.834835520412982 0.498008139070861 0.234600825394889 -0.0687706634904152 0.517168261202871 -0.853116396189575 0 0 0 0 0 0
6.87191164716634 10.294805435874 2.74202902283148 0.44659456207639 -0.288537778842068 0.846935208445536 -0.870184687642538 0.0801561133445448 0.486162119962009 0 0 0 0 0 0
0.197771862192851 7.41273863985527 7.85391993335109 -0.295868128251657 -0.507145222641728 -0.8094848817838 0.842356164448912 -0.538126566323957 0.0292556119625868 0 0 0 0 0 0
9.76019343036116 10.8554220150704 9.22756193958015 0.369911805754353 -0.289649399545608 0.882761848578892 -0.352897373346488 -0.922752174317841 -0.154893087892413 0 0 0 0 0 0
0.669971994944425 5.47583670581791 0.187027764051432 0.756683580281627 0.412875958993015 0.506915576617819 -0.572398345218426 0.0437363184084371 0.81880844453589 0 0 0 0 0 0
1.28434291985368 7.8256878782176 1.11945669638848 0.500476878436949 0.664979255004118 -0.554369447718915 0.504182106644354 0.296676227605794 0.811038605316206 0 0 0 0 0 0
4.75099143921676 6.1076643136422 3.38962273366339 0.482304713776598 -0.748398561346486 0.455282062510028 -0.0308037161921241 0.504915625751269 0.862618885685307 0 0 0 0 0 0
0.805494866320188 9.97134871069346 2.67947036626748 0.214006687920622 -0.919413972071307 -0.329968309819757 0.529837718793631 -0.174531945247309 0.829946137910017 0 0 0 0 0 0
8.05244984089829 6.65824282249778 1.45328191013603 0.260506867512088 0.951908098247306 0.161267307506004 0.9654670663353 -0.256312010154522 -0.0466636611557458 0 0 0 0 0 0
9.30513235696065 7.96779823265709 9.65010102872614 0.753475447718074 0.0258024515752572 0.656969545092278 0.584187646203624 0.4321899420201 -0.686976453773877 0 0 0 0 0 0
5.29982558964601 2.75651435677508 1.61635026579469 0.916517321014714 -0.327932441553433 0.229033434364538 0.314197389023884 0.944578293234308 0.0951412039083818 0 0 0 0 0 0
8.66865804396524 1.39767684330961 6.2032556442786 0.338125881368025 0.577375836201906 -0.743174294576478 0.249619673307022 -0.816423877449621 -0.520713040962316 0 0 0 0 0 0
5.84711432981778 11.1157276497731 1.9616575877143 0.798883556861967 -0.432480576783114 0.418025852407382 -0.421077068189107 0.0941543357879839 0.902124749520591 0 0 0 0 0 0
7.1461956493555 6.30212967458094 4.42712662963349 -0.138545541042823 0.96234393257809 0.233878790161244 0.430618468150723 -0.15412644964773 0.889276544392412 0 0 0 0 0 0
