t = 0
b = 11.4471424255333 11.4471424255333 11.4471424255333
E = 0 0 0 
1.56664133361548 11.3849288275908 5.57957219983357 0.557159833436656 -0.05900563523928 -0.828306256776349 -0.610425753863268 -0.705353948277574 -0.360355666903823 0 0 0 0 0 0
10.4449275704973 8.69273437249828 8.0581986996734 0.581698549130817 -0.361962130683375 -0.728429964986514 0.758739422832763 -0.0812994890823764 0.646300921641266 0 0 0 0 0 0
8.7049582071911 5.09797020934589 0.879093752417071 -0.75445486449986 0.529395226127185 -0.387992979300199 0.637785189653447 0.730915940964943 -0.242882562367182 0 0 0 0 0 0
7.69416285805815 7.50052321430655 9.0770617640305 -0.583742792061183 -0.430431448154699 -0.688457058323948 0.44006793157533 -0.880298995716288 0.177239650586166 0 0 0 0 0 0
9.95914736625311 4.56896510562711 11.2825359757735 0.448713927310537 -0.718450364042715 0.531493072245015 -0.709784725371623 0.0748599921014617 0.700429600467955 0 0 0 0 0 0
5.60058720384469 5.66681029512936 1.18543086130833 -0.0502819448521368 0.653361341236371 -0.755374532136011 0.122319606286181 0.754665985829644 0.644606208277398 0 0 0 0 0 0
7.03475105771689 2.1158213850383 10.2950177295729 -0.326824664214024 0.108195806378339 -0.938871293811634 0.83643358497503 0.495577455030831 -0.234055215688487 0 0 0 0 0 0
4.20331120460086 6.86887117996318 1.72853505309511 0.627526658243 -0.482560645181142 0.611020062613932 -0.466901859070481 0.394779830505237 0.791297377363773 0 0 0 0 0 0
0.956896384903888 4.43114828623867 10.5100727479484 0.301695277710816 0.557491049664606 -0.773423356869217 0.885262362086872 -0.464981029744611 0.0101583586279092 0 0 0 0 0 0
9.08060719978535 5.2881977561029 10.3859745495024 0.573272636604013 -0.681724392937125 -0.454544097085852 0.731349493078096 0.175605890845725 0.659007200320824 0 0 0 0 0 0
8.13203463106563 5.96827955667053 3.99762510076646 -0.475361213894353 0.866671613076763 -0.151367207187715 0.877399853480831 0.454324890434504 -0.15413757181003 0 0 0 0 0 0
4.61669130326218 3.03274928736954 8.23787038258669 0.433747116364707 -0.11679002512891 -0.893433561646131 0.348365435049309 -0.89271897888933 0.285822232154356 0 0 0 0 0 0
0.317677087278269 0.228278265106209 9.31154699001462 -0.336143155245971 0.936372581772638 -0.101065163561572 0.775217204799114 0.21414774306636 -0.594288675243802 0 0 0 0 0 0
2.53131664575471 0.711817712810333 6.53343748725798 -0.434968479936928 -0.0593336760253089 0.898488695727821 -0.167298774260554 -0.975127711899134 -0.145385919597723 0 0 0 0 0 0
6.19647358898482 1.80028914042252 5.70341128022001 -0.810221647295778 -0.586119131791568 0.00229032775270851 0.389616939124911 -0.535659387416923 0.749177990479607 0 0 0 0 0 0
6.94415947069513 6.36064303449444 7.6791391517737 0.906185694760072 0.401819524476596 0.131789818884495 -0.422727329688252 0.869117859118155 0.25677957803633 0 0 0 0 0 0
9.94566264320258 0.0833602396387014 9.03471338086379 0.067196964650521 0.326840359689008 -0.942687619108322 0.995634160257442 0.0393837168331797 0.0846258930638933 0 0 0 0 0 0
11.4283938715726 4.73213137659243 4.3560129526911 -0.115543226957068 0.0514605347068955 -0.991968535827638 -0.0544529688365484 -0.997483508040741 -0.0454040237382538 0 0 0 0 0 0
8.03991910543539 10.5157453370113 0.634265179548353 0.169132767970302 -0.918108984931626 -0.358427117537894 0.609623461432743 0.383205042069365 -0.69391147202174 0 0 0 0 0 0
3.81810089724309 8.288822477332 3.88493124012905 0.760258486548441 -0.560613802624637 -0.328206029709721 0.609806653610769 0.790035245097598 0.0630884832248647 0 0 0 0 0 0
3.27718552517107 3.76274161854488 8.16296355817735 0.542078728836495 0.512509281571483 0.665946610507248 -0.595497392821972 -0.324860101917085 0.734744016188396 0 0 0 0 0 0
4.5301658712625 3.93082448746004 1.87845996496247 -0.176473755984131 0.881078259479888 -0.43881444155901 -0.983056301080792 -0.135314106784226 0.123654362682994 0 0 0 0 0 0
0.528543525430755 8.65863989840326 7.12334437723618 0.997818196459446 0.0241386586723797 0.0614505652693029 -0.0659529789693756 0.322026874790331 0.944430461430506 0 0 0 0 0 0
7.38387065519492 8.28222019227559 6.93640683255766 0.919036699947372 0.364923152720562 0.149005492376387 -0.379339751444625 0.716102181059647 0.585917246081345 0 0 0 0 0 0
3.06222674547647 0.732810315759916 0.135601607648357 0.911174259838037 -0.0881145885563251 0.402488866295895 -0.302383826863585 0.520528022112176 0.798507732866326 0 0 0 0 0 0
7.7822320489274 2.64830232030665 2.04421511398177 0.685057672269887 0.230325068895678 0.691119633856806 -0.32556556594676 0.945488818714421 0.00761288091160497 0 0 0 0 0 0
2.14691676205132 8.93497973461575 8.251840037915 -0.756962772561996 -0.63833753266873 0.139758918647985 0.137790266191454 0.053144778451383 0.989034617728946 0 0 0 0 0 0
9.39218164178357 10.2457659919455 2.60405671955058 -0.848682612020976 -0.470153059796365 -0.24226829016066 0.448093068335063 -0.395803142009879 -0.801593709359783 0 0 0 0 0 0
4.20458159986736 3.11644732322893 1.00139691900468 0.788338378829301 0.511163622509535 -0.342395022580233 0.365267030896209 0.0589680817767405 0.929033240240541 0 0 0 0 0 0
2.09129218812416 8.83710890750487 5.02987095041198 0.822144449451852 0.539811862195297 -0.180780689424386 0.559518865242862 -0.824774053155041 0.0817704144513465 0 0 0 0 0 0
4.25846873583033 9.98020068337752 9.03078573028355 0.796844123544873 0.365712983679893 0.480929783170011 -0.398686810189298 -0.279815301613312 0.873356871138101 0 0 0 0 0 0
1.91506736832002 9.4933809710751 2.52267140519778 0.373911552185928 -0.0562812517402452 -0.925755136007606 0.92325685108 -0.0723825790511052 0.377302993870648 0 0 0 0 0 0
11.2340028831192 3.33768818594237 4.32313037524665 -0.718668836409972 -0.298366737371079 0.628086294710905 -0.0205834005414963 0.911995552245764 0.409683336622436 0 0 0 0 0 0
5.39899499518307 7.79293575033635 3.75385797086197 0.523260234851391 -0.851151907115699 0.04170320894819 -0.844518988655423 -0.524483383889101 -0.108188991235986 0 0 0 0 0 0
9.03239623546878 6.25290549079521 2.3943369927784 0.0687329640432554 -0.29882543446364 0.951829364629735 -0.685528781603066 0.679007630940895 0.262676467765669 0 0 0 0 0 0
7.35364236330989 0.0337529483440171 1.19841995471692 -0.65427653726011 0.0978660876929859 0.749896287276173 -0.423956475278064 -0.86858937016909 -0.256541250287481 0 0 0 0 0 0
4.58918372034117 1.37430437228334 5.61726762873044 0.850438721327966 0.357061466753346 0.386343228523553 -0.183004977371075 -0.487725657384731 0.853599942236435 0 0 0 0 0 0
3.50012492385953 8.89883293009716 6.37685597267466 0.858573604822259 -0.354338807330318 0.370533904956401 -0.452429279501908 -0.863603752005236 0.222477654095561 0 0 0 0 0 0
6.68919828048201 2.15983983584502 0.161685683823271 -0.771162360595015 -0.00409208979808658 -0.636625375242464 0.451068177065006 0.702168867465079 -0.550905056431742 0 0 0 0 0 0
11.25044854312 1.74839004787751 7.93524662006072 -0.146009453809144 0.231290048083094 0.961865974580698 -0.915834942907939 0.336039937796218 -0.219826107536674 0 0 0 0 0 0
9.11192260192103 4.41575104728943 1.94672258704659 0.566623983353145 0.709149647528698 -0.419576022788407 -0.622021596919193 0.0341781489259261 -0.782253786888945 0 0 0 0 0 0
7.827013131326 9.23464607605618 6.6046175222905 0.99605301180401 -0.0702917719726313 0.0541983806871499 -0.0119865611673555 0.498498301009359 0.866807802365763 0 0 0 0 0 0
9.4818523753752 6.68311168828294 1.29497130265713 -0.784907979713714 0.611420302827089 -0.100422490870158 0.183737437082916 0.384459581587288 0.904671976099585 0 0 0 0 0 0
7.50384550977953 7.45382580506364 1.59340094603481 -0.408491334379635 -0.837764063052925 -0.36233438201998 0.792016848505119 -0.128013144845049 -0.596927086360553 0 0 0 0 0 0
0.496935232614923 0.327414433705201 10.438233704288 0.371529652042584 -0.444283136769617 0.815216665700148 0.843243320431664 0.528877172537452 -0.0960710097593021 0 0 0 0 0 0
0.335447049672079 4.05218811805023 2.62948504531143 -0.262889576990089 0.554035417008673 0.789894820219755 0.38992007697186 0.809864808630195 -0.438270835576174 0 0 0 0 0 0
4.27133467156282 3.11644906607303 4.62870404282715 0.942039223568378 0.0152447752727659 -0.33515622937008 0.305520111980034 0.373808176780892 0.875742489632342 0 0 0 0 0 0
2.01579818153749 8.77781136335516 7.23462953177475 0.845192868600236 0.190667094101632 0.499294576471789 -0.530221609849394 0.416565204689576 0.738470361416523 0 0 0 0 0 0
9.62419296498401 6.71205078521924 3.51404373010228 0.246473862536248 0.0482475758113063 0.967947729226529 -0.662563330406158 0.737289577413983 0.131961783247312 0 0 0 0 0 0
8.01884940291875 0.59375162455667 4.09639379881071 0.971973446861953 0.21285187173707 0.0998083127465883 -0.145226418364949 0.209775753158428 0.966904039083353 0 0 0 0 0 0
0.419319378372972 10.7221633207852 2.01628549302269 0.808729354317113 0.470764317830095 0.352615638512803 -0.107531074980693 0.707734762953014 -0.698246785328323 0 0 0 0 0 0
5.6691096764596 9.11447820605622 10.4141950806354 0.452914516706153 -0.862697306399313 0.224992884527937 -0.704826529890398 -0.191925103946227 0.68292336117451 0 0 0 0 0 0
10.8576318535166 5.033492892365 8.44059624633239 0.581986970313506 0.478615486895033 -0.65743317690054 0.808257386671006 -0.429435773605976 0.402870839400413 0 0 0 0 0 0
1.43736023902312 1.69151492584554 6.6741685941916 0.479470037173056 0.818251585807408 -0.31713218975205 0.847533924873587 -0.338051274219541 0.409154716686631 0 0 0 0 0 0
0.193556279011311 8.31701054473981 10.9226448644047 0.902360207697365 -0.363540981867618 0.231482202484545 -0.260875258845332 -0.0331986640904936 0.964801507059866 0 0 0 0 0 0
1.61908521362897 5.0473547306259 1.60465860944007 0.666045784965603 0.411038303646195 0.622439173948116 -0.553338246855995 0.831857744609461 0.0427723894538949 0 0 0 0 0 0
6.10742901260234 7.03842250337294 10.6417888929019 0.98532156979274 0.165344764102351 0.0424560135329229 -0.0546916212074963 0.0701634214526213 0.996035100214725 0 0 0 0 0 0
9.28405942001109 6.60656651524017 9.31991864179371 -0.389603282124857 0.529657476391686 -0.753440269868773 0.726526527432051 0.679524305672574 0.102009425729836 0 0 0 0 0 0
10.0513901196626 6.98072522696164 10.5474819150673 0.916321667473598 0.346081792966514 0.20144973143563 0.342166195344378 -0.938022978305686 0.0550925306560179 0 0 0 0 0 0
7.70310166571426 4.08200515792188 9.12446361384684 -0.286626100719258 0.651080610880395 -0.702808307095247 -0.118892030342402 -0.752090231321323 -0.648247614011885 0 0 0 0 0 0
4.64290948867279 10.505041350816 10.3374873344607 0.287231214168604 -0.886504662121829 -0.362777774461848 0.946167180148149 0.321588736716334 -0.0367199077843802 0 0 0 0 0 0
8.92003917029669 4.25606886398319 6.34203620526253 0.596891691493802 0.756993059631954 0.265860520376234 0.749717460187685 -0.644254853152024 0.15119330037998 0 0 0 0 0 0
2.04054814265892 11.4415378946759 8.50345064821458 0.551057207653962 -0.452867832665668 0.700889920051158 -0.819237633872977 -0.133864387972425 0.557610997810279 0 0 0 0 0 0
8.50081317440431 8.08270568177686 7.41302340112166 -0.614381558316808 -0.340658396578282 -0.711679111426578 0.74524556741234 0.0456782078903037 -0.665223680859445 0 0 0 0 0 0
1.41826691390978 6.18239191265005 9.66292580261902 0.829127831691675 -0.517484931566472 -0.211557047426708 0.465655142649597 0.429836952167155 0.77356672800453 0 0 0 0 0 0
6.64845356426491 1.5453667533122 2.54274417068589 0.692149082295971 -0.314753566868316 0.649507382575839 0.453581843458043 0.889683607691365 -0.0522167548827073 0 0 0 0 0 0
2.39933458569638 4.47460363135332 2.58548899267622 -0.0128974146953048 0.837808262840316 -0.545812212588423 0.54989000695693 -0.449961222658352 -0.703673133175276 0 0 0 0 0 0
6.21975489249359 9.46960998077479 0.472398889000146 0.0232303269974661 0.288161057723746 0.957300139308004 -0.773971316579297 -0.600917428976828 0.199666333327353 0 0 0 0 0 0
0.131290968625383 7.77023513760621 2.39190530635375 0.811841919329617 -0.547164948405812 -0.203772464418695 -0.181017855554154 -0.567670232761944 0.803108363053564 0 0 0 0 0 0
8.7446736252564 3.38446530499289 4.705716027716 0.0389849674294545 0.0936011768759909 0.994846215252364 -0.493398699704177 0.867569879808526 -0.0622914663436874 0 0 0 0 0 0
9.91092274795803 0.393271132296485 5.6800627328517 0.107548667884752 0.993133092918128 0.0460428472956314 -0.524284818690082 0.0173056042791208 0.851367103517421 0 0 0 0 0 0
5.21595669722667 11.0554274642129 8.05415601898856 0.831763262059423 0.443775101407842 -0.333516918999212 -0.348916606929682 0.885206299321511 0.307680043308293 0 0 0 0 0 0
3.22822363759925 7.69660680121907 0.912820484405443 -0.186859216601299 0.0139190338291857 0.982288090973524 -0.452893682695706 0.886083418001316 -0.0987091106100473 0 0 0 0 0 0
8.84883676287888 8.00827902765094 8.7619316101064 0.307270006551171 0.494713393314297 -0.812922998536452 0.780217025114013 -0.620053419520201 -0.0824327038471026 0 0 0 0 0 0
5.48497145334673 3.68554300535212 7.2199018798195 0.0932633001519149 0.850451898909153 0.51771954230702 -0.0152274477537575 -0.518706715834439 0.85481662816253 0 0 0 0 0 0
6.09351240243164 10.0308016348813 9.85400457933787 0.72699767662564 0.657163356131257 -0.199024374233972 -0.681681290556203 0.725535375377422 -0.0943876961344721 0 0 0 0 0 0
9.79469597233484 3.40508942116023 7.91182945870309 0.285881526998976 -0.674622335021684 0.680555991532383 -0.889093728773511 -0.451663820881159 -0.0742437496537325 0 0 0 0 0 0
11.0208590387527 7.39472397729392 11.0047341958413 0.299285602182851 0.733044436096756 0.610797825007291 -0.407164055547775 0.677046761680646 -0.61304576857494 0 0 0 0 0 0
0.882688826497791 1.90661622996296 7.53931367487766 -0.801655961734068 -0.399235751105342 -0.444925312895973 0.571375947663286 -0.730522761448616 -0.373986659437702 0 0 0 0 0 0
9.89939964985131 3.94062968054492 10.1316770043493 -0.714108612409449 -0.545802887058359 0.438347006561483 -0.439555422145838 0.836951014773247 0.326042987552604 0 0 0 0 0 0
5.32896210491227 7.10437763147059 6.30859646259334 0.566940164374875 0.0891836626817348 0.818917043618742 -0.740301118992519 -0.380852678010109 0.553990515145298 0 0 0 0 0 0
10.303360397605 7.83840503809454 1.10341349533596 0.100006746049071 0.054280323233679 -0.993505056481508 0.926503382223168 -0.369118593473121 0.073095462796638 0 0 0 0 0 0
9.05817361074889 4.20599740676749 3.50667158238744 0.990580519036438 0.136674641190263 -0.00838318322682632 0.0476975574909834 -0.287015673334833 0.956737658017885 0 0 0 0 0 0
2.99297860686727 10.0746869831563 1.48798621141588 -0.538650602994666 0.837792665230711 0.0892131043014725 0.428953413556677 0.181562881858105 0.884892021056498 0 0 0 0 0 0
11.2346926884157 2.87200058978048 8.54392655167181 -0.296696261267698 0.614769630144829 0.730773309858372 -0.0847542598480651 -0.77916185656727 0.621066435019839 0 0 0 0 0 0
6.35540297882073 1.10605483664525 7.37237428112505 -0.300245445227331 -0.0781509084958201 -0.950655094196376 0.579009303338929 -0.806950245140761 -0.116531234071528 0 0 0 0 0 0
7.59728367006166 4.83686460930926 9.82537981561967 -0.485067159258385 -0.871933452188518 0.0666476253411409 -0.708365626905759 0.436472971750629 0.554715678117706 0 0 0 0 0 0
9.20080676783973 1.57960433578104 6.04175128869658 -0.467318820881622 0.670391453735028 0.576357890905336 0.8095804226421 0.586445835830909 -0.025706437155414 0 0 0 0 0 0
7.73337685646191 3.24485609628975 7.37712321455187 0.975584371048005 0.136947325650151 -0.171699053474796 0.115000854371013 0.347505519032765 0.930599117631059 0 0 0 0 0 0
4.79899313436407 10.7678421966703 3.78704548433559 0.301093491710738 -0.569497351074147 0.764863044190896 -0.940649377458671 -0.309088526837144 0.140153598827354 0 0 0 0 0 0
1.37042309872007 8.56726350010834 2.20088501284118 0.0674875905212979 0.217264001796199 0.973777068249777 0.869161095728671 -0.492040995632149 0.0495444072429856 0 0 0 0 0 0
2.83271659978238 7.80817399415374 7.52914359915546 -0.712096616633651 0.24365012707429 -0.658447434618428 -0.537439534764866 -0.792626175713416 0.287927928561386 0 0 0 0 0 0
2.59189762674493 1.41677374568171 10.5327434914343 -0.110802906685809 -0.980383145622215 -0.163007986460378 0.99377841737525 -0.107434198514817 -0.0293657989610666 0 0 0 0 0 0
3.12605178198586 2.28678389225336 5.32460492702686 0.537952801286859 0.0357689322047631 -0.842215748532734 -0.0798642622358299 0.996767961288622 -0.00867934133741297 0 0 0 0 0 0
10.687867979708 3.87404935858216 6.32766168022979 0.160261237078324 -0.453238391758585 0.876864468504807 -0.944088932632453 -0.329683959026097 0.00213879447212446 0 0 0 0 0 0
8.53961476371093 6.26345532911516 11.134131376825 0.690738429550371 -0.685926262245455 0.228878973923482 -0.463068966276664 -0.66270406754574 -0.588549446801026 0 0 0 0 0 0
10.7390510278085 6.07645959705981 6.14752009961235 -0.496214822419481 -0.529857887934665 -0.687765562240956 0.855643284285751 -0.432698198520735 -0.283983871115251 0 0 0 0 0 0
8.09262832035592 2.11213284296594 5.53664766199156 0.0809016326093908 0.134291639073332 0.987633880299847 -0.00601679006673057 -0.990798047703877 0.135214743661622 0 0 0 0 0 0
9.41091249155087 5.87780064728783 7.02393201651297 -0.144681153963368 -0.562525418481539 0.814022430434197 -0.224105971925394 0.819929263483341 0.526775584315599 0 0 0 0 0 0
1.47677160573667 7.6643475186143 3.89604150343605 0.690159474935101 0.280959150546822 -0.666889687190704 0.259606232172228 -0.956339127100144 -0.134238884808667 0 0 0 0 0 0
0.987856447577526 9.4725615363644 5.70671744985203 0.531223586050836 0.847118754585523 0.0138317480009857 0.162697138105644 -0.118021265906914 0.979592069203279 0 0 0 0 0 0
6.20014183502446 10.7369549803112 1.16825836366066 -0.0385010238523642 0.49753651487453 0.866588187969826 -0.298210359189904 -0.833433240766142 0.465252205645362 0 0 0 0 0 0
7.10415432371316 5.74672162098814 2.56439293565564 0.970162712519108 0.237699212313319 0.0477848899045935 -0.14104753003559 0.393014809610428 0.908650072193767 0 0 0 0 0 0
4.92806077125532 8.12137916368019 6.09729511353032 0.398956648367108 -0.700643342443196 -0.591550927151425 -0.312763493519351 -0.710404240312532 0.630479827169392 0 0 0 0 0 0
5.51705288701586 5.00829246252843 10.88932828259 0.107415565520635 -0.222483384783706 -0.969001052517007 0.270723705693623 -0.931265712422599 0.243829547105229 0 0 0 0 0 0
3.51030433999064 5.8795074985354 2.71790984342475 0.399386534338665 0.722148367467168 0.564793884132481 0.542970631244775 -0.68271233253847 0.488964993231144 0 0 0 0 0 0
4.37626247980363 9.63727143876638 0.448121282354638 0.917176811334836 0.239235109009723 -0.318674221371557 0.385083918029623 -0.32651110081905 0.863192259648387 0 0 0 0 0 0
4.63658337652537 11.0887968495658 6.78965982568919 0.29124551976324 -0.854794977128495 0.429536487732689 0.0163485365211411 0.453383165966635 0.891165770309704 0 0 0 0 0 0
0.753942165583258 2.92486652102272 7.49460823721864 0.812967660583003 -0.32641053111092 0.482223753071213 -0.261567013052582 0.535177933907849 0.803223055409191 0 0 0 0 0 0
2.29688409002444 4.83922508105735 10.5153757727794 0.96630546466825 -0.0794601874634194 -0.244826116990317 0.13448675565469 -0.655143388935842 0.743438264072502 0 0 0 0 0 0
8.49432585198915 0.0668357877495697 5.84312896219492 0.272587362087526 0.624515219559477 0.731899494854821 -0.0270386945168351 -0.755433816334142 0.654666829874296 0 0 0 0 0 0
11.1810628250007 0.875227026683174 5.68761028733195 0.828426293395138 0.143563739406729 0.541386487769273 -0.549824474717787 0.0241625844562223 0.834930665692491 0 0 0 0 0 0
6.89125239459507 9.19882354346517 3.61134676462417 0.902504683433444 -0.423196988628732 -0.0799350060753919 0.399607525057895 0.753621784946228 0.521888906925186 0 0 0 0 0 0
0.130813233705118 3.48369089158749 11.1806817634952 0.499777618110914 0.7361895513682 0.456341184741932 0.830813743007255 -0.55641550295844 -0.0122601997447548 0 0 0 0 0 0
6.83401126008226 1.00217328805676 10.3063466012002 -0.312393739896621 -0.859965252908222 0.403571449763112 -0.716806316810359 -0.065390153032905 -0.694199418083234 0 0 0 0 0 0
3.29911210440184 1.51150812101908 2.49960730981383 0.019512438896723 0.508713306182118 -0.860714840607248 0.544340566171599 0.716697235386855 0.435933963816566 0 0 0 0 0 0
6.68477734837222 5.04908168740777 1.08872543216784 0.0582937909788556 0.903609755657874 0.424371586481978 -0.404347186507902 -0.367292649697881 0.837615342649031 0 0 0 0 0 0
8.06442729018682 6.6841169867788 8.21586693902416 -0.522210098216662 -0.798205506285579 -0.300274179802272 0.583446521250615 -0.591189046417663 0.55685336331599 0 0 0 0 0 0
3.76491488454094 5.73577678491123 6.99190641636945 -0.804384175511602 -0.587745207952082 0.0867275545365187 0.395347746667887 -0.420574639228815 0.816588716577799 0 0 0 0 0 0
3.80199159073204 4.03170322690173 3.84485311759302 0.207935717353481 -0.308160735859912 -0.928331674738598 0.563947982809147 0.813223447194837 -0.143632508917863 0 0 0 0 0 0
9.09869656079182 0.347313626188086 10.9630806008154 0.880946646390881 -0.318900845342397 0.349621591227664 -0.445762611300967 -0.311244208000317 0.839298955886637 0 0 0 0 0 0
10.4263622280265 3.16403132918734 11.318161689309 0.382164544640299 -0.880219224364737 0.281361649623067 0.720330750742645 0.474475901609525 0.505960698400939 0 0 0 0 0 0
10.2543577849307 1.79960728099059 9.32872384616427 0.947344528247999 0.293948065114704 -0.12701527393939 0.285922278087314 -0.597905252050862 0.748837606202677 0 0 0 0 0 0
8.91567577771768 1.60575270589488 10.1752585121496 0.380935867106314 0.879601426478736 0.284937178494725 -0.822678149997633 0.181791298584712 0.538658133954512 0 0 0 0 0 0
9.79002701827431 0.487566531282801 3.80646424246082 0.641897795156888 0.484938350629388 -0.593971393807459 0.731758540443121 -0.155945450605846 0.663483575474098 0 0 0 0 0 0
11.101573754 2.38830002851982 9.67852564989748 0.0524067340284155 0.978973819429402 0.197139024803014 -0.0439537404791736 0.19948024128541 -0.978915574518357 0 0 0 0 0 0
5.20387296692617 0.667291693004064 3.87156512042221 0.57526636988189 -0.634226991130513 -0.516550798474312 0.56980860491995 -0.142348275070663 0.809354756793081 0 0 0 0 0 0
6.39769331564059 7.86125652632508 7.65766503799377 0.636813552406322 -0.579269314783094 0.508837459727923 -0.434656091375376 0.275372423478893 0.857463766358464 0 0 0 0 0 0
9.15795277857761 9.2671015470243 7.1388624614094 -0.250980051408608 0.659970765142996 0.708129651230268 0.061684280459135 -0.719153707465498 0.692107646672732 0 0 0 0 0 0
4.20945711194242 8.5398898412792 10.7907004468297 -0.127207582575044 0.874576565506854 0.467903902528765 0.570903669810107 0.450319597863615 -0.68649927864296 0 0 0 0 0 0
10.5741395936326 9.17636756764773 0.45945117365405 0.834771954349986 -0.438761790539639 -0.332631741409558 0.372871982883166 0.00598553740538821 0.927863490887935 0 0 0 0 0 0
10.9125171524126 3.72905380103917 1.82320709729638 0.782689837565086 0.590420514452122 -0.196977750739598 0.331018399929212 -0.126857127031794 0.935058334131911 0 0 0 0 0 0
6.22048208736058 10.2016713884976 4.70838670620196 0.457401573956853 -0.0852652008137091 -0.885163061628755 0.566737098003891 -0.739103827394027 0.364053009982927 0 0 0 0 0 0
9.34892238666228 5.49216305289664 3.28078822483579 -0.491632180542108 -0.846803881509317 -0.203029518337033 0.836542990027772 -0.524028788943523 0.15996766608843 0 0 0 0 0 0
3.73210272038569 0.98563086790163 9.23455200093498 -0.876141576094274 0.474375857558842 0.0856941328467367 0.268960025731656 0.333527302351478 0.903559651126904 0 0 0 0 0 0
7.28896391070313 8.11580587096455 10.5819977310634 0.894418061116735 0.380980049155082 -0.234244603126673 0.362513049800077 -0.310852624064919 0.878609660108857 0 0 0 0 0 0
10.3900445045045 3.1627911306535 5.01490027079234 -0.153817402774179 0.531548586921239 0.832944359693875 0.168061955203576 0.84476751326805 -0.508058094847495 0 0 0 0 0 0
4.6347208083479 4.96663830843965 7.15247843256 0.485912091508825 -0.296359422810412 0.822229002065117 -0.24118861757786 0.858759855675381 0.452061457139712 0 0 0 0 0 0
5.69422267872697 9.08383845678538 7.89327899226958 0.672170096450171 0.434768381295594 0.599302774950839 -0.151732324034195 0.873143450911372 -0.463247035580114 0 0 0 0 0 0
0.812516607306249 1.1968833451452 5.21860191086017 0.560212081251512 0.702985003653224 -0.438148957157867 -0.81566134410006 0.560369665172412 -0.143813803563641 0 0 0 0 0 0
9.38895502697731 10.5807226085629 9.7419862465196 0.710830365328519 -0.271244340293947 -0.648958164742093 0.306107050187075 -0.711390744007109 0.632630763689832 0 0 0 0 0 0
4.51649308040397 10.1933032670771 5.26202874340639 -0.333292659777881 0.303729644497878 0.892560533516567 -0.724948985485083 -0.687827166843151 -0.0366436487903924 0 0 0 0 0 0
0.589793504907192 6.00650489118388 11.1530129043564 0.357626308541186 0.355627490080696 0.863500151556506 -0.880492256484006 0.436521410420449 0.18488494940434 0 0 0 0 0 0
1.3523578621611 1.66240109396094 0.642061246324535 -0.124660736755323 0.712652390752459 0.690352280119668 -0.331133905534799 -0.685770261184938 0.648127676835061 0 0 0 0 0 0
5.22091991172161 8.45280367853119 9.50000638652158 0.939326981757709 0.336724173629872 0.0654343352929722 -0.0411143043028998 -0.0788635345061458 0.9960372266672 0 0 0 0 0 0
3.31965806751583 3.8049016292676 1.47475401952654 0.851941437436969 -0.388426866284268 0.351169982667104 -0.439935673832804 -0.167224031775907 0.88232234817321 0 0 0 0 0 0
5.7818857045685 8.17939240440783 0.276914092062741 0.84010208051725 -0.102402924846623 0.532674511586057 -0.435715427946026 -0.712305247852121 0.550248398209517 0 0 0 0 0 0
2.94145409965558 7.92429216607577 10.1815186663351 0.998762249808864 -0.0190641469465177 0.0459404686299408 0.0360265258376349 -0.359545312965857 -0.932431904945532 0 0 0 0 0 0
4.45184232240062 3.22137830346579 6.02635807995176 0.512565190897599 -0.858646961859548 0.00152314460090211 0.522359900491568 0.313227135809858 0.793113419222492 0 0 0 0 0 0
2.39121055335731 2.13655655752477 7.58298270846811 -0.407814839636323 0.250858281479475 0.877927775608885 0.323074188935312 0.938960235663484 -0.118223281491272 0 0 0 0 0 0
1.24776655756436 5.18875422787164 7.86070321792528 0.890404564225491 -0.45478744371884 -0.0186572517294504 -0.44053451899834 -0.850739729062673 -0.28665528246532 0 0 0 0 0 0
6.01818851761844 7.87927572141475 5.25164282559222 -0.6961494021531 0.690561067488662 0.196217792136189 0.0395115410570543 -0.236053111548032 0.970936541001413 0 0 0 0 0 0
10.1876843615303 10.6433223619737 7.63977800703859 0.984459466680222 -0.128930006301401 0.119233434651584 0.0243313761089438 -0.572270579550196 -0.819703829390791 0 0 0 0 0 0
4.30162000905071 11.2063309373728 0.0632313529378491 -0.260704237421228 0.964771715773172 0.0353388884192181 0.57782347411402 0.126608110404873 0.806281848451589 0 0 0 0 0 0
11.0122735656523 10.3485185207512 10.3947331991965 -0.769359813165439 0.33012497468619 -0.546903080055766 0.480092190171263 0.863577539548232 -0.15409517229421 0 0 0 0 0 0
11.0190755667246 1.52609323189165 1.90813115009037 -0.189158289545522 0.73574430805448 -0.650307200222823 -0.699142309269742 0.364118362226948 0.615319307090341 0 0 0 0 0 0
8.29001965711461 7.48577270951726 3.49083681104715 0.957826258665059 -0.161574180942714 0.237618690898648 -0.0820163786869077 0.638812807646703 0.764978111068298 0 0 0 0 0 0
1.49731593850766 3.78191257300882 4.04236302496199 0.332909417603425 -0.693808081061879 0.638593506327916 -0.311518693028849 0.558278187633954 0.768948352690703 0 0 0 0 0 0
11.2962953066526 11.330226202468 4.69763281563045 -0.759068456752409 -0.642187281945284 -0.106820283051696 -0.648694558315323 0.75994531298785 0.040969394429103 0 0 0 0 0 0
5.53455851905841 1.45698188668029 11.3657475876088 -0.201489014013042 -0.532146379300763 0.822327433708216 -0.961041387824501 -0.0547744717851577 -0.270922882254369 0 0 0 0 0 0
1.90820981716252 0.358759068199098 10.0693989001856 -0.632676698146562 -0.750442604132106 -0.191196478853003 0.511597422619516 -0.219676861765675 -0.830668498002574 0 0 0 0 0 0
3.21719726441069 3.54172418030118 5.77395050364247 -0.516311835442341 0.740780717847327 -0.429727840205589 -0.370234595924579 0.259395315882881 0.891986779094053 0 0 0 0 0 0
5.82408069287604 8.58984652616709 1.79588734587293 0.583101902613361 0.177855850781362 -0.792691281339411 0.680523282324975 0.425991072954092 0.596170837912308 0 0 0 0 0 0
3.11146259271007 7.15033988521499 3.44100684744479 -0.818744905243265 0.115262551017378 -0.562468954228733 0.543180133779493 0.472927780682307 -0.69375403171888 0 0 0 0 0 0
6.86065428061907 1.72240859312244 4.50627069370306 0.667804058633341 -0.551660951382 -0.499707848640727 0.403607306880855 -0.295707769869796 0.865827960203998 0 0 0 0 0 0
3.41376151858207 3.09798649279511 3.32131855431224 0.580678723382191 -0.655329992372803 0.483068133194367 -0.730952818031511 -0.680935753878225 -0.0451051760010547 0 0 0 0 0 0
1.70738317555844 4.04581571818885 9.737388773513 0.8048053014467 0.593517401780844 0.00505178647635674 0.592086056746869 -0.803401401254941 0.0630895384952306 0 0 0 0 0 0
8.00316023989949 4.70278299416209 1.81125005911613 0.638346998473559 0.0249174154291414 -0.769345326851428 -0.207363459182284 0.968092811856692 -0.140700758446292 0 0 0 0 0 0
4.94236667398322 6.05007714979597 3.04274108373135 0.539081786186289 0.838245553856658 -0.082068381498268 -0.767602921008987 0.529069249529128 0.361761640947676 0 0 0 0 0 0
4.21576638053139 7.21346239891512 6.39185832822527 0.0208342029848641 -0.797753282452428 0.602623959299962 0.981751509840616 -0.0976352565404753 -0.163191083107955 0 0 0 0 0 0
7.82576689007156 4.15862387578388 0.0492015606813287 0.0345235243941358 -0.842971350643829 -0.536849539682326 0.900830201110805 -0.206376472031177 0.381986518817917 0 0 0 0 0 0
2.99684857427316 10.4200644723858 8.42444694462851 -0.169574804884233 0.905024098858049 0.390097123848216 0.938489672131928 0.0274776908010847 0.344212306302297 0 0 0 0 0 0
0.901349204154716 3.94985242806726 1.26929994526909 0.545019341262996 0.222824237755812 0.808271783942624 -0.826979043145464 -0.0158699981838611 0.562008723558503 0 0 0 0 0 0
5.31511799859917 2.23489115762926 10.4490326332899 -0.663102424858688 0.466632912066996 0.585276771726337 -0.645388884096246 -0.752492540550186 -0.131256103482196 0 0 0 0 0 0
5.08001558794096 3.24960750555081 3.98085189100999 0.747759383567964 0.635500870741617 -0.192339667184659 0.399742551067932 -0.199586705831789 0.89463458446503 0 0 0 0 0 0
7.15501583108203 6.06158484099247 6.56585781645499 0.939053208138922 0.316093995145553 0.135143103845227 -0.209202469728096 0.213505935626525 0.954279593259705 0 0 0 0 0 0
6.76182346147183 0.159517878425951 9.32204631682011 0.244695902003226 -0.891788826450818 0.380574046093925 -0.638810860290889 0.146998233077826 0.755190177535707 0 0 0 0 0 0
9.2945992200773 4.27814062899707 8.42442514502028 0.697911697827894 0.705084241787268 0.125600453893523 -0.545365705300492 0.409541094737211 0.73133599610818 0 0 0 0 0 0
3.10561481836784 7.81095724068911 2.19239889441841 0.671154563353973 -0.726429574902082 0.147822950845659 -0.308878754401227 -0.0927563745573454 0.946567572896158 0 0 0 0 0 0
3.26602439279336 11.2391870447773 1.63460161915771 0.944286164980709 0.216374592239419 0.248003375902929 0.306477409774989 -0.852766805514611 -0.422918872492135 0 0 0 0 0 0
5.18095435127117 7.32116181949737 11.2189378022507 0.834645924510271 -0.163409008095447 0.525988285774177 -0.435223943140965 0.389603879154423 0.81165814026883 0 0 0 0 0 0
8.01391339126986 1.8965840948108 9.10860516298079 0.991505818243809 -0.130062340017156 9.89625496182948e-06 -0.0504285768247824 -0.384362644214486 0.921803838336484 0 0 0 0 0 0
0.187086537101614 8.94462102177433 9.24289548221208 -0.218684091332017 0.975786022346937 -0.00434819395071017 0.707306585898176 0.16158162591562 0.688192394401108 0 0 0 0 0 0
0.883258372751813 5.70268352470657 8.75466717081846 0.447164020831781 0.893191361405315 0.0474713638362667 -0.0445627290047039 -0.030760339829562 0.998532906156439 0 0 0 0 0 0
7.52233324497416 3.28958419182763 3.13625005798076 0.96967052508881 0.210814607161855 0.123678107121612 -0.141901816778964 0.0735719799185797 0.987142866137263 0 0 0 0 0 0
1.25197508601189 9.63871874612045 3.92857318958101 -0.754628380363421 -0.504639097069969 0.419374998370774 -0.656106128591384 0.572742317159411 -0.491417323829447 0 0 0 0 0 0
5.12025488890763 0.896372151378578 10.1858035087303 0.874011418131307 0.148695105055587 0.462594646216977 -0.461447627439452 -0.0442374662088122 0.88606384291084 0 0 0 0 0 0
2.94732847513231 5.25092220835117 1.67243621539794 -0.408185193482027 0.374448496228165 -0.832570220158339 0.534993538638213 0.837102965387365 0.114195179211048 0 0 0 0 0 0
0.156842630529751 5.71535319392385 1.90084616378099 0.685927221383255 0.334690213891769 0.646131803651955 -0.665713623617339 -0.0699058495540037 0.742925664873953 0 0 0 0 0 0
9.63698043212771 7.45152423569244 5.10842462990353 0.716525709170985 -0.556774300481068 0.420230039883913 -0.454348116368461 0.0846065872713255 0.886797335665106 0 0 0 0 0 0
8.85455550011787 0.942126556420856 9.02221754635367 0.10324493479947 0.791053281510753 -0.602971963899917 0.944658693894177 0.111795538656599 0.308418075972581 0 0 0 0 0 0
8.17137311454017 9.38048308010819 2.33200888535672 0.48645183380208 -0.675600012087495 0.554011946674411 0.819231327582461 0.573098330697228 -0.0204532456966839 0 0 0 0 0 0
0.223507448413421 4.29443704925418 7.58176635821206 -0.323137841433094 0.480519452491471 0.81528092778579 0.944319048103039 0.107286973452345 0.311048293223427 0 0 0 0 0 0
5.75964201699457 6.11187319679732 10.2396193441187 0.488371322259053 0.508824037698681 0.70893691556792 -0.228446972571394 -0.70952764726439 0.666620205582177 0 0 0 0 0 0
1.54975464151235 5.96386775279766 4.74245361750842 0.0355228420411858 -0.999162852245427 -0.0202909434502309 0.235712778766096 -0.011354172179781 0.971756434864456 0 0 0 0 0 0
2.49087129944844 5.91711435112934 3.94824445568455 0.855256214711769 0.264394630615082 -0.445681822042149 0.509275168972472 -0.269863674086536 0.817197895051484 0 0 0 0 0 0
9.90533811820641 10.5942650232787 1.58452468641974 0.161961758820463 0.406964629552963 -0.898970621862918 0.596886628586033 -0.765850515306035 -0.239163836774458 0 0 0 0 0 0
7.56250888925497 11.148024206666 10.0953998047422 0.994756283154693 0.079609536559716 0.0642048192350717 -0.00995404559918797 -0.549431268684571 0.835479621515613 0 0 0 0 0 0
1.72237446008902 1.42303096639675 9.55719631571645 0.855144789953129 0.401266352740892 -0.328196134002278 0.261483578628575 0.212772572530879 0.941463844492281 0 0 0 0 0 0
2.6376027280118 11.3145898085952 3.02724948698607 0.87954613484799 -0.471506762214599 0.0638746417592072 -0.00541446919239518 0.124316191612681 0.992227881097021 0 0 0 0 0 0
1.05611171041524 7.29718583411687 3.01300337685521 0.896349884180971 -0.250680633019118 -0.3656721282213 -0.301009940382001 -0.949660346826749 -0.0868230468028141 0 0 0 0 0 0
0.505076718632555 7.55178693278239 0.114886947116487 0.878761628593934 -0.351861078572634 -0.322446556031599 0.103057156002652 -0.519782585837463 0.848059718449571 0 0 0 0 0 0
1.87204362808863 7.68863330969102 8.19481124291417 0.473983158254525 0.757594847087031 -0.448764986778431 -0.81144086740176 0.573704562268206 0.111475530691382 0 0 0 0 0 0
0.146532253321762 9.80796686175836 7.7547969117533 0.84223565010699 -0.0156916736797155 -0.53888113816127 0.41086927217354 0.665837968839727 0.622773024813192 0 0 0 0 0 0
4.68687239875357 5.46386448928448 5.23284149680855 0.690090826556137 -0.0628430969633572 -0.720989179022211 -0.0431809178008744 -0.998023348189957 0.0456596627843754 0 0 0 0 0 0
5.43662389381101 1.6699384139871 1.94895598854813 0.264109981659583 -0.883753766753145 -0.386296773656477 -0.0115693948626994 -0.403392206962656 0.914954029700022 0 0 0 0 0 0
2.94064754007309 1.2815026691608 1.48986675878578 -0.317966879819687 0.907206503838074 0.275451307369617 0.517999207253756 -0.0771048939473858 0.851898853511286 0 0 0 0 0 0
1.00315581625254 3.27038393287386 4.88534762004804 0.539462126071562 0.445414957952747 0.714553097933459 -0.70651559613336 -0.222208316246786 0.671907119035877 0 0 0 0 0 0
9.82290423145053 9.47134202392628 3.52403966411943 0.94413965561516 -0.291992196269694 0.152777184201333 0.0137597570920891 0.498124302285936 0.866996452447711 0 0 0 0 0 0
8.98004963958833 9.76883198605571 4.03477650763132 0.977742891335998 0.076886864669562 -0.195210779628602 -0.157090270747055 0.88503090262246 -0.438227051013389 0 0 0 0 0 0
0.828005989683863 6.89933152039368 1.13108764979739 -0.640591803283703 0.148631730882427 0.753359641964332 -0.318680308396796 -0.944068426359961 -0.0847211153748021 0 0 0 0 0 0
11.246339740009 1.51139826466687 10.1999176598874 -0.410769214998141 0.151107700201842 0.899130199108851 0.497001179270681 -0.789657250373662 0.359765555238215 0 0 0 0 0 0
4.65343686359693 3.56251248177311 10.620157972678 0.440186609145144 -0.405729490252013 -0.801011441784162 0.503533938829898 -0.627071009687833 0.594336202208422 0 0 0 0 0 0
7.25659335071419 9.33561732592794 1.48305573743206 -0.281695395934212 -0.47231543338155 0.835204068057062 -0.281285198519059 0.872860546985978 0.398739391845642 0 0 0 0 0 0
9.90566184841169 3.79198798926433 3.92904811795783 0.887424321503381 -0.365697019938235 -0.280613191444304 0.0794009515783422 -0.47839435491517 0.874548071905571 0 0 0 0 0 0
10.8950756259528 10.0252772171843 4.89880984024336 0.827093094147191 -0.203325021049459 -0.523999951745477 0.558098779275561 0.186530073733065 0.808537126027164 0 0 0 0 0 0
4.27214347427055 8.86903537414473 9.16353047069681 0.642992474261862 0.658263227329654 -0.391471840096011 0.7549880321747 -0.458925490537452 0.468380684281422 0 0 0 0 0 0
8.59089841418519 9.04088460936352 5.46902954923562 0.394632295642127 0.504340352483473 0.768053487781334 -0.339690770721539 0.856754205406833 -0.388049496590723 0 0 0 0 0 0
1.77504583625832 0.271391176151727 3.64199549968514 0.564717953882637 0.78261701155784 0.261924122185958 0.154854828487721 -0.412221839121853 0.897826897260845 0 0 0 0 0 0
6.31422756487042 5.21834821527092 7.10233091727567 0.993289515848065 -0.020946679819978 -0.113741699964597 0.0995302530627941 -0.346068349484027 0.932915015534994 0 0 0 0 0 0
5.85952087110565 2.74014423654993 5.28885219032001 0.0292763295019245 0.982804259319572 -0.182314794775965 0.839938724345509 0.0746912872117232 0.537516651797407 0 0 0 0 0 0
8.8864421094951 10.8150290671323 8.12646559925204 0.0694592624804821 -0.88681368659487 -0.456877331593156 0.468296718616935 0.433371108794049 -0.769991990474724 0 0 0 0 0 0
0.176406818603788 6.59062247918928 4.47971397588243 -0.789720913872882 0.460436527812332 -0.405387570169466 0.609719541894485 0.662026789797861 -0.43584700276808 0 0 0 0 0 0
3.953297234888 6.1275702669239 9.24736991995648 -0.33235880817837 0.478283585396858 -0.812885253013105 0.506655001558805 0.817501374635634 0.273847059258076 0 0 0 0 0 0
5.86838725963364 11.2259199977727 2.43684892419904 0.819970747215466 0.483630771573508 -0.306184993914013 0.0863889739120292 0.42422282219815 0.901427724397616 0 0 0 0 0 0
8.95510165519371 8.45311590652371 3.62052482509282 0.268734209960715 -0.0277727365341282 -0.962813896608372 0.944078130708931 0.205853801704991 0.257566875666755 0 0 0 0 0 0
5.06036521183406 9.29341338952262 2.21722988665834 -0.158276292311772 -0.397511016473068 0.903843795727219 0.858598755060699 0.396633167482228 0.324792715837705 0 0 0 0 0 0
6.75872644330783 5.22819783313918 5.49461167460682 0.336590099999496 -0.59021398924918 0.733726482741967 0.935410487382254 0.120012118336972 -0.332572265150849 0 0 0 0 0 0
4.70121835744049 1.7008680637271 7.98491139323984 0.916488352811129 0.150671063918815 -0.370604006534086 0.286163515520757 -0.894261154627837 0.344103806588199 0 0 0 0 0 0
1.03214513764994 8.67785206010362 3.49976976607031 -0.0808509090118788 0.868201515909664 0.489580696396534 -0.160641680296021 -0.496117744089722 0.853265160750746 0 0 0 0 0 0
6.34613922280398 4.45610584732999 9.06994165550186 0.457042045122514 0.809399784941906 -0.368760840011824 -0.202383375885986 0.498357106532383 0.843019076613135 0 0 0 0 0 0
4.50020389251357 0.458628684866028 8.76662330086299 0.383251466782515 0.6949687476583 0.608388652908078 0.832830016938619 0.024805454200796 -0.552972741035137 0 0 0 0 0 0
4.40603673119735 7.44033841391558 0.439551487509747 0.411624058707028 0.531316915407815 0.740451193324096 0.582165363790117 -0.778395465478453 0.23491272533795 0 0 0 0 0 0
2.91074001095449 8.04391383292793 4.78010941960042 0.475481288782452 0.312925212470642 -0.822189367127782 0.759801940490906 0.324998025630222 0.56309616813002 0 0 0 0 0 0
4.97519680513631 7.88442777634949 2.43497615580378 0.827198858401972 -0.395899363784483 0.39875524123642 -0.510071889459489 -0.231339239115376 0.828437580043751 0 0 0 0 0 0
2.02219391623148 7.8616183298679 1.02490230362281 0.923638089193609 -0.167273296931051 -0.344836663254643 0.339183554941116 -0.0621878947155101 0.938662442951863 0 0 0 0 0 0
7.87950338904372 9.51206552508236 7.79266466488131 0.996293437651717 -0.0499346042232745 0.0700422828953305 -0.0683879066830604 -0.953712786821044 0.292839571222106 0 0 0 0 0 0
3.76911776945252 9.2275251049193 7.99600230447483 0.378423061645232 0.174953981154414 0.908948343358009 -0.915824570765631 -0.0718049381746116 0.395106829143319 0 0 0 0 0 0
8.48079575433304 2.98109294821281 10.9203799366282 0.318845547074448 0.670687872744605 -0.669712844780591 0.945443057622313 -0.175188743969792 0.274674951133261 0 0 0 0 0 0
1.35832816803203 2.21460707112141 1.5454580854738 0.953925881140467 -0.293194716994932 0.0637359491703459 0.0883700106189561 0.47754399116251 0.874152433919729 0 0 0 0 0 0
0.962141094359226 8.85656857441795 10.2867704515479 0.773561099527109 0.195835137090927 -0.602703761709671 0.396960542413689 0.591612670311107 0.701724145297845 0 0 0 0 0 0
2.94545701158626 6.06571910726413 0.452120157699893 0.998592348576405 0.0196066354281223 -0.0492838838957395 -0.0446914205776009 0.81144045987997 -0.582723825664043 0 0 0 0 0 0
8.93783623229878 8.20687896137547 10.6210928145857 -0.139883339056509 -0.980320030336384 -0.139302869947725 0.909088945629401 -0.182907387127335 0.374302253090567 0 0 0 0 0 0
10.0094666793327 7.60299873077122 7.8721449290294 0.939407792985663 0.161979304489854 0.302118690906057 -0.233353870811492 -0.343438329225736 0.909723081490147 0 0 0 0 0 0
2.83689367273088 11.1872315990819 4.57891174427322 0.982512458628091 -0.167607980640847 -0.0810976785492754 0.132282440949527 0.321815026166997 0.937516103728128 0 0 0 0 0 0
1.96751678918967 9.84309510972578 9.34197537326787 -0.74386616704941 -0.583260546005202 0.326297810279096 -0.590963430318738 0.346015912351804 -0.728721628899032 0 0 0 0 0 0
0.492287471684603 2.16490392997104 8.88680577684609 0.594426261346573 0.795499044065542 0.117637964587737 0.63939815992039 -0.378840761754573 -0.669066267512893 0 0 0 0 0 0
0.234488616104917 4.30646204103878 5.63264239050386 0.9903074744529 0.072692917112833 -0.118350521098753 0.0394407685231609 0.669844098725613 0.741453511139285 0 0 0 0 0 0
6.22836045679017 5.6803735958001 3.43399554285897 0.88481564579305 0.44620715325962 -0.134165753230002 0.173795825494316 -0.0488925942701084 0.983567244913274 0 0 0 0 0 0
4.20936850397425 7.07698257080908 5.09055389000981 -0.537588674334955 0.837971725621676 -0.0938179315771608 0.552605356453638 0.266088440643785 -0.789825462855248 0 0 0 0 0 0
7.53103237111065 10.2169939957103 4.12882266079119 -0.0932924901364745 -0.990337606690375 0.1026057311212 -0.656866989761615 0.138666432924233 0.74114598976287 0 0 0 0 0 0
1.25140862965361 7.88030824151761 9.69976066099807 0.377693956691299 0.81947047937352 -0.431063114304859 0.719785829672034 0.0330033221917638 0.693411234497717 0 0 0 0 0 0
6.51943697235859 2.83136110975253 8.21114207208605 0.656226225925037 -0.675972632037507 -0.335303058656593 0.66899072930236 0.726749774872211 -0.155840202870397 0 0 0 0 0 0
7.39563084075558 8.9260751964716 4.68409041128135 0.309805134172568 -0.950317775623421 0.0302804255992172 -0.709824480562139 -0.20998045524088 0.672352151191266 0 0 0 0 0 0
4.68482544777979 10.5752115353247 0.783289499210643 0.732842274053094 0.315879930438674 -0.602629298081954 0.61965049240585 0.055971028137802 0.782879627573987 0 0 0 0 0 0
4.69173589355138 6.37730238325468 10.2116923859153 0.593211437447374 -0.654762062635168 -0.468387480421244 0.322592002606558 -0.339728033128884 0.883470012711621 0 0 0 0 0 0
0.311783872033322 1.94127042859226 3.63834607873018 -0.956014864869835 -0.246694836370956 -0.158673362149476 0.00524277126587794 -0.555245048250578 0.831670277058563 0 0 0 0 0 0
0.816556079850738 10.671772031063 5.12691682704002 -0.151688357274973 0.316310133482028 0.936449967549683 -0.953607764487069 0.202421121787692 -0.222840572975809 0 0 0 0 0 0
8.65491094191938 1.18811632405888 0.987421721153254 -0.35614779628821 -0.284131944352188 0.890184130052708 -0.759775254681605 0.642626415555721 -0.0988577382075237 0 0 0 0 0 0
6.11602920279157 6.64376255336969 1.39295966464926 0.53044973899072 0.124207943581774 -0.83856750542569 0.847655845657086 -0.0895384968078911 0.522936348815757 0 0 0 0 0 0
11.3108297552936 9.28628721523928 1.28675354472468 0.609887969938199 -0.739024252444274 -0.286146498185535 -0.0471303085348957 -0.39425859879193 0.917790221835049 0 0 0 0 0 0
7.9279785676485 0.29199612898317 8.47838566176138 0.752979077908496 0.389260736020094 -0.530564404785287 0.0955464077059118 -0.862403722988041 -0.49712242209627 0 0 0 0 0 0
0.568234039257439 9.62300615466395 1.97686405411317 0.433714590454993 0.377233513232191 -0.818282671526751 -0.522783618326657 -0.634312282476019 -0.569513140067331 0 0 0 0 0 0
11.3418499713448 7.54391185076526 9.3462228707397 0.475148053451448 0.862535124651826 0.173975532886553 0.866725724643317 -0.492885001743442 0.0764911321519288 0 0 0 0 0 0
3.96339269563888 1.46014310410811 11.4041991998991 0.417576890112032 -0.299498198440632 0.857863841163142 -0.734543066161932 -0.667008892781795 0.124682079319494 0 0 0 0 0 0
9.94050048753635 0.158457189511362 2.60615254660412 0.995425052735099 0.0955353603999967 0.00139975018057723 -0.0954505454587917 0.994981246830601 -0.0300251865446811 0 0 0 0 0 0
3.98198505315646 0.280157355043797 4.04474751294596 0.207113741655915 0.976228972050006 0.0638818608642266 0.252263255276253 -0.116380801308422 0.960634560654694 0 0 0 0 0 0
1.17121856974023 9.79733562018833 11.1941130292834 0.130472190884923 0.699606985365112 -0.702514820793147 0.206276358122779 -0.712220982313563 -0.670962991849704 0 0 0 0 0 0
4.000464699738 2.29060375040097 9.09635316327564 0.870265250639141 -0.431579147562532 -0.237440167029911 0.422886312893159 0.901786337812527 -0.0891547379688871 0 0 0 0 0 0
5.87224104720925 1.49307963384281 9.05469737121889 -0.722230398670513 -0.0684389949166904 0.688258203882108 -0.688953505590315 0.159010238357722 -0.707148365784888 0 0 0 0 0 0
6.78582987016894 10.0582246518105 10.9836117193244 0.376001951419741 0.655522187361757 0.654914646656344 -0.202623695708515 0.747839536077103 -0.632202235220191 0 0 0 0 0 0
2.6964661210978 6.33833832238231 8.67873932096776 0.320411763818612 0.939561416571013 0.120667502243634 0.111064268568144 -0.163765640423183 0.980227291634041 0 0 0 0 0 0
0.994232665582164 5.48433248226185 3.03865379862832 0.961457957110209 -0.274632980603524 -0.0132409468803019 -0.0734849746349445 -0.303071174751002 0.95013042343562 0 0 0 0 0 0
7.72033759399795 7.34209692237816 6.21235236575302 0.661587008420168 -0.369629967863758 -0.652438745896264 0.643620562236691 -0.166551764415092 0.747002732013977 0 0 0 0 0 0
0.880207617662765 2.94095925300834 10.4543704845449 0.995287371978235 0.0381050640268428 -0.0891686675697763 0.0948584279080475 -0.191770999981284 0.976844799454341 0 0 0 0 0 0
6.72759851043974 10.120849227172 8.04518873104316 0.938942986018264 -0.288559574221996 0.187401817312231 -0.23407564043495 -0.136517144311919 0.962585925444522 0 0 0 0 0 0
1.24646753840915 0.799903558781549 6.19798844416126 0.432391632267867 0.771649200406047 0.466470779210701 -0.166522214937478 -0.440095675082713 0.882375287905213 0 0 0 0 0 0
9.70877132050283 7.81373653055809 11.2263258106963 0.792156904088857 -0.601280150089096 0.104640433930642 0.610261128667689 0.782684927424494 -0.12241592714902 0 0 0 0 0 0
5.94928224139911 3.78804726886671 0.955127886060739 0.616844011693113 0.225196898636552 -0.754181557771619 -0.5559605121848 0.802930570958502 -0.214966060371094 0 0 0 0 0 0
5.3632562656944 5.84626145456297 8.62564764024911 0.332832374780124 -0.377018751524394 0.864337591047162 -0.621187530689506 -0.777275909634436 -0.0998409335785387 0 0 0 0 0 0
4.07278412938461 1.59396672471672 4.52595742761025 0.872720420909955 -0.461701851999185 0.158715049025836 -0.302636761105553 -0.256498660654482 0.917943041756948 0 0 0 0 0 0
8.59956977035241 9.36715419959942 1.15595536840822 -0.541383022295365 0.200551092312095 0.816507000914727 -0.157636782081799 0.929701596463334 -0.332874730895008 0 0 0 0 0 0
3.71555004652539 6.7060079541633 10.2073549965165 0.404775069064249 0.79767938005046 0.447062355948638 -0.24176447482668 -0.378150126990128 0.893617602875598 0 0 0 0 0 0
3.87342235726575 7.53060091816859 7.6375549792745 0.24573739517782 -0.968254957447604 -0.0457763037974807 -0.144543708536076 -0.0832989171065969 0.985986007371051 0 0 0 0 0 0
7.50852578393819 4.18647540604074 6.07204993644274 0.821498945413316 0.416883179682443 -0.389034570678065 0.126715915300251 0.531735605655244 0.837377049176815 0 0 0 0 0 0
10.4729932407301 8.46991986859963 9.1171887295792 -0.613300643102627 -0.692330061218398 -0.380186016974893 0.616427842345223 -0.720496684089875 0.317649560675139 0 0 0 0 0 0
0.58132244757622 0.895948776012559 0.34733219559103 0.954213216804774 -0.296475271401948 -0.0397435569901151 0.10223685376803 0.198379411914331 0.974778556729752 0 0 0 0 0 0
3.43140219138304 2.20097158723114 7.76983819975917 -0.770402619510301 -0.100126677376528 0.629646291444016 0.34208374890463 -0.898312290224051 0.275705890339279 0 0 0 0 0 0
0.138797369246182 4.50210522312132 1.71086521702576 0.560560388515382 -0.0970849292587119 0.822402922744269 0.43622277598837 0.878766249658626 -0.193596405364134 0 0 0 0 0 0
10.5558611911795 8.03914211356505 5.5053024902726 0.204480560151816 -0.285478426605719 0.93631713028371 -0.304581080707684 0.890489230736737 0.338022625303152 0 0 0 0 0 0
5.60998352307307 6.0994766801489 6.81095230882957 -0.204130297816336 -0.641892167434259 0.739124662624623 -0.959089618905558 -0.0201558579403221 -0.28238421396792 0 0 0 0 0 0
8.37312001883471 5.65120958388038 8.01680093431945 0.177284519957984 0.307856331336735 0.934769853086391 -0.043712567773027 0.951341079383713 -0.305023543510529 0 0 0 0 0 0
9.98366314317261 5.75368640279486 9.59321225889901 -0.430426715750023 -0.5921116126102 -0.681275774250631 0.149784548686159 -0.791161413927974 0.592982466929986 0 0 0 0 0 0
9.15655124645202 11.0874971839551 1.04979445745473 0.831637522267172 0.425688480736804 -0.356606714638566 0.547195313754733 -0.518740793166124 0.656875390093312 0 0 0 0 0 0
5.15676884398134 4.69192880174968 6.15645660695175 0.829577774768888 -0.532019695218279 0.169575232594121 -0.522158283760812 -0.846722996460505 -0.102033788349289 0 0 0 0 0 0
1.7973128998723 8.9987167399241 0.605480809561106 0.919456422338059 0.0821448237936041 0.384515429268078 -0.21921379907695 -0.704746826301228 0.674742336831325 0 0 0 0 0 0
0.461407462352569 7.03529265453512 7.63448758329197 0.129107815695284 0.082980836929637 -0.988152494622591 0.257472083614476 -0.965122135873865 -0.0474066346146758 0 0 0 0 0 0
2.16668805019912 10.8447746821785 6.76636038073447 0.823570513141676 0.252549469524588 0.507888152378461 -0.259529416743384 -0.628402288909542 0.733317833642472 0 0 0 0 0 0
10.2407121515709 2.26619197607529 3.3396738517502 0.694524788973948 -0.704469778332158 -0.146142563674427 -0.625446170449633 -0.691571120669121 0.361312154412698 0 0 0 0 0 0
10.3692542763769 9.69144488218937 1.85198985990547 -0.690258203054043 0.65517317861631 -0.307069567261892 -0.720128092448715 -0.580745430188455 0.379671273316011 0 0 0 0 0 0
